5.507683123862637531e-02
5.681625843929979935e-02
5.867478426613702280e-02
6.049701259705522749e-02
6.243742674217293148e-02
6.410716045883577130e-02
6.604921495122051400e-02
6.787466910887821059e-02
6.795233807366361789e-02
6.981596071289761229e-02
7.365540820977665992e-02
7.539782018433464905e-02
8.107230805921551708e-02
8.287974524333473203e-02
8.287974524333473203e-02
8.472164371971321883e-02
8.659743421812526876e-02
8.671212461113377012e-02
8.877337899658251097e-02
9.056234646340324823e-02
9.261159688610018370e-02
9.457843440762059295e-02
9.646334279183635396e-02
9.849186879997633148e-02
9.983995603514586592e-02
1.019300108918719389e-01
1.038629896496222893e-01
1.057882836477835181e-01
1.078896763446995921e-01
1.098715863651875402e-01
1.118446964063841004e-01
1.138088670162174659e-01
1.162693574741789082e-01
1.178896095871301841e-01
1.198969087789509974e-01
1.219296917850612866e-01
1.239873143181508541e-01
1.259283471807772503e-01
1.279644701879107949e-01
1.298501661415207564e-01
1.318993849162071463e-01
1.338336659091062530e-01
1.359287128592421290e-01
1.368520471344781275e-01
1.378751052637852414e-01
1.399460031701623697e-01
1.399460031701623697e-01
1.418024876458719996e-01
1.437826873143795148e-01
1.457844568454244594e-01
1.478402591293636326e-01
1.486655660300473525e-01
1.490938983927458106e-01
1.493243045728932794e-01
1.498174799898906728e-01
1.500473709541457756e-01
1.503755024052778611e-01
1.517500060115295757e-01
1.525653677239244832e-01
1.529234668002252828e-01
1.531511381460735899e-01
1.533461551351821273e-01
1.537682808364655984e-01
1.543518344115077379e-01
1.551605390828493525e-01
1.556447658555858704e-01
1.561926540835893717e-01
1.566431370847636839e-01
1.570287488725219116e-01
1.574138842549917261e-01
1.577665068126863357e-01
1.581507300700118190e-01
1.587900459789274576e-01
1.591411075029744715e-01
1.600011145213485197e-01
1.613024685766881183e-01
1.624405759130471694e-01
1.638258418039680586e-01
1.650484157684036224e-01
1.662972048673619641e-01
1.681297174564895525e-01
1.700125594821458863e-01
1.719446213857442618e-01
5.499960011683188016e-02
5.592681959111003853e-02
5.615877029829238753e-02
5.762900893323502638e-02
5.952748635547047695e-02
6.138940827251679333e-02
6.325279712035347668e-02
6.523352619682000475e-02
6.702024598051196935e-02
6.888426507465761350e-02
7.082496217416751894e-02
7.264779375712542009e-02
7.466238950145306918e-02
7.644220957116774906e-02
7.837388036302164740e-02
8.030208754115869541e-02
8.211107839021795918e-02
8.418485858679254641e-02
8.610023409178081677e-02
8.808697231418546880e-02
9.006801416227037949e-02
9.200511640271420710e-02
9.397395136206936062e-02
9.593620260736011873e-02
9.781653690646191501e-02
9.886668395216713368e-02
9.998952908161994058e-02
1.017064884606098674e-01
1.028230986301666983e-01
1.037145695871599660e-01
1.048266079970680276e-01
1.066742423454696692e-01
1.075585130423782620e-01
1.087716021518219944e-01
1.096518060206422979e-01
1.106765164998470274e-01
1.117717768529519623e-01
1.127187725418752340e-01
1.146064923864218016e-01
1.166299681024328266e-01
1.185717823982277430e-01
1.205756692290083365e-01
1.225694367461024059e-01
1.245530016466520618e-01
1.265262915684091938e-01
1.285242028186449614e-01
1.304765799484783884e-01
1.325568329478079288e-01
1.351059193118344659e-01
1.371592817486143867e-01
1.391327151704118970e-01
1.408923928929951275e-01
1.432133209185244282e-01
1.450852125867458653e-01
1.470128577263707381e-01
1.482366677415699607e-01
1.496531718208756190e-01
1.509980314045217265e-01
1.515866834854660283e-01
1.522720776087427563e-01
1.529560012708055250e-01
1.535085777383406180e-01
1.543194430314428212e-01
1.549343110248804500e-01
1.554834398806007878e-01
1.560638253921468321e-01
1.567074388144392982e-01
1.573176450533102233e-01
1.579586778848570683e-01
1.591411075029744715e-01
1.605096168126446954e-01
1.616190352752233106e-01
1.628505169884042481e-01
1.642339164700851450e-01
1.654548415574352560e-01
1.672614521338018356e-01
1.689954571660848281e-01
1.707807682973824237e-01
5.449777156069277734e-02
5.449777156069277734e-02
5.546308999901702202e-02
5.565628226492588121e-02
5.646812346707621999e-02
5.731932047666066926e-02
5.820989007201955029e-02
5.906231549710194706e-02
5.991523223217887217e-02
6.096256383010859731e-02
6.173870217057533111e-02
6.255389669219003912e-02
6.348579094080607221e-02
6.449554753850539335e-02
6.531121027717126659e-02
6.616574159386660881e-02
6.709792497212303808e-02
6.814650537928854113e-02
6.814650537928854113e-02
6.900074101817911532e-02
7.001002886523814694e-02
7.094135949324037460e-02
7.198866069905461573e-02
7.284161162738410356e-02
7.392658376185747005e-02
7.493338268506791189e-02
7.651953750689723111e-02
7.651953750689723111e-02
7.752434671560654023e-02
7.848967467983160307e-02
7.933844312584768799e-02
8.022503097688690743e-02
8.207262706951877484e-02
8.214952801732418319e-02
8.307180336717005786e-02
8.414650284776489797e-02
8.510483586644732035e-02
8.602371193100988300e-02
8.694145079124579456e-02
8.793434428666131730e-02
8.888771276755080830e-02
8.987778592492751129e-02
9.079037163245246012e-02
9.192926416581283233e-02
9.272524479649607576e-02
9.386054114992090081e-02
9.476720629324755785e-02
9.574781785938125955e-02
9.665148609394649815e-02
9.770389902792016301e-02
9.867930949323869272e-02
9.871678968996058789e-02
9.969033984835409812e-02
1.017064884606098674e-01
1.036403425259687372e-01
1.054556170577874152e-01
1.075953208034090419e-01
1.095785217947767703e-01
1.116259009806143537e-01
1.135910713176460501e-01
1.156194631423114183e-01
1.175301090835663559e-01
1.194676193275256149e-01
1.215382186997475411e-01
1.235979185165336919e-01
1.255056960855110981e-01
1.275441147272982079e-01
1.295016931274336480e-01
1.314488581139124368e-01
1.333855703850511942e-01
1.355861168276125128e-01
1.367837358650083601e-01
1.375685050281930111e-01
1.388272332618418203e-01
1.394040262016199294e-01
1.400136898087449011e-01
1.406560424666203346e-01
1.414320040551149404e-01
1.418698046080532071e-01
1.428108305848724280e-01
1.434143846385808330e-01
1.446182271611498871e-01
1.452851477302250227e-01
1.464822209712125789e-01
1.471453827619797483e-01
1.485666397406006645e-01
1.494558916229034584e-01
1.505394427780147037e-01
1.509652967884867747e-01
1.519458829311355341e-01
1.525002154778296037e-01
1.531186236598996164e-01
1.537033750275461907e-01
1.544813666938478214e-01
1.555802454170836513e-01
1.563536153957004460e-01
1.569645133342975341e-01
1.577024233614924553e-01
1.582147210535803650e-01
1.594917703974695622e-01
1.607952797581157500e-01
1.620300821885758413e-01
1.632284340904981423e-01
1.645161073577169342e-01
1.664840759642262358e-01
1.682225959759352518e-01
1.699510163387774608e-01
1.714551394521560967e-01
5.538582469262092606e-02
5.554036196355579408e-02
5.720320888541050725e-02
6.096256383010859731e-02
6.298098710687626001e-02
6.472858844810464030e-02
6.655415931927838313e-02
6.849598651946363359e-02
7.039812439315298875e-02
7.222132203765931069e-02
7.415898237460771814e-02
7.609417432501035250e-02
7.791057923606768687e-02
7.972401394492223403e-02
8.172648946103816536e-02
8.353256203194098228e-02
8.544954539930038617e-02
8.743807216972555862e-02
8.930677008437316877e-02
9.128414557481670522e-02
9.325531860922875449e-02
9.510683965279793928e-02
9.714035840102250297e-02
1.000269155915126662e-01
1.019672549247628013e-01
1.038629896496222893e-01
1.058621776415375748e-01
1.078528922704045656e-01
1.098349638479214352e-01
1.118082381622623606e-01
1.138814407170750109e-01
1.158362080102911251e-01
1.177817928583536622e-01
1.196465461757128396e-01
1.217162096546769295e-01
1.238103652516382436e-01
1.257170808310865140e-01
1.276842861285054087e-01
1.296411221967757876e-01
1.316915194969128511e-01
1.336958505629495531e-01
1.357917146746835391e-01
1.370227665883915757e-01
1.376366619142442849e-01
1.389969790261891269e-01
1.397089940880321679e-01
1.407573556708430207e-01
1.416678133917453064e-01
1.428779459098153404e-01
1.434143846385808330e-01
1.449185076325169574e-01
1.455848238326380439e-01
1.467808098012011453e-01
1.475095499918165631e-01
1.488633281975194067e-01
1.495216650715583684e-01
1.507688189445915428e-01
1.513578917704784532e-01
1.520764008245019949e-01
1.527281900141124749e-01
1.532161571280640788e-01
1.539304871384295781e-01
1.545784810107120044e-01
1.551605390828493525e-01
1.553220309640546970e-01
1.559027149554686464e-01
1.564179767315081737e-01
1.564823248187569571e-01
1.570608616789724299e-01
1.571250773675476886e-01
1.577024233614924553e-01
1.583106827739794997e-01
1.596191854010665656e-01
1.607000883284660786e-01
1.620616782619236085e-01
1.634172163658275112e-01
1.646101124182884068e-01
1.664529388738631710e-01
1.682844988854250434e-01
1.700740898107472865e-01
5.561764052705794187e-02
5.735802698862996207e-02
5.910107431023748498e-02
6.104016582726898288e-02
6.278684875224038731e-02
6.472858844810464030e-02
6.647647646888016348e-02
6.837949582377464419e-02
7.032050979373119515e-02
7.214377135401782437e-02
7.415898237460771814e-02
7.590077999641257900e-02
7.783334338518195505e-02
7.964691169403931292e-02
8.157260713532285545e-02
8.337900437311691892e-02
8.349417531053281161e-02
8.521975634717604553e-02
8.728530254338762173e-02
8.907822589451919182e-02
9.098033028269290889e-02
9.302820138709258502e-02
9.506911255124361748e-02
9.702758033765515600e-02
9.897907675468144151e-02
1.004379884405749435e-01
1.023395423173194679e-01
1.043821012017294020e-01
1.062683865666839977e-01
1.082941052160087680e-01
1.103474040933450362e-01
1.122455345492974627e-01
1.142803734961096440e-01
1.162693574741789082e-01
1.182128876817008373e-01
1.200756427017736633e-01
1.221430570762838674e-01
1.241641816225653866e-01
1.260691256015058215e-01
1.281394776892752496e-01
1.300242780413070898e-01
1.320032725940284701e-01
1.339369922939259716e-01
1.360998851505817175e-01
1.380453212169950039e-01
1.399460031701623697e-01
1.407911200174860045e-01
1.420380381997667918e-01
1.439165147724306149e-01
1.457511930678355438e-01
1.480385237469785398e-01
1.492255791480991967e-01
1.505722208264003992e-01
1.519458829311355341e-01
1.526956322211675543e-01
1.532486616242123290e-01
1.538980525311175462e-01
1.544166071999065748e-01
1.554511647333480240e-01
1.564501524310915048e-01
1.569966327576971798e-01
1.577024233614924553e-01
1.583426634136410049e-01
1.588858295811413357e-01
1.602236878035659673e-01
1.614924479268056434e-01
1.626929127116244489e-01
1.640142523623948079e-01
1.652047983234994077e-01
1.664840759642262358e-01
1.682844988854250434e-01
1.701048501702451810e-01
1.718223273839500909e-01
5.557900042413477237e-02
5.747415437165492857e-02
5.913983413155376317e-02
6.115657398443025833e-02
6.298098710687626001e-02
6.480626993230959032e-02
6.647647646888016348e-02
6.857364521882829134e-02
7.043693082323797261e-02
7.226009620377761566e-02
7.415898237460771814e-02
7.609417432501035250e-02
7.791057923606768687e-02
7.976256281886308364e-02
8.172648946103816536e-02
8.364771138369797576e-02
8.552612629241718167e-02
8.736169148020526964e-02
8.942101276067551674e-02
9.128414557481670522e-02
9.325531860922875449e-02
9.529543776559927515e-02
9.725311321089245842e-02
9.920379045256887129e-02
1.011472472017250490e-01
1.031575906641425538e-01
1.050487063316136865e-01
1.070797435181953944e-01
1.090651954359962983e-01
1.110419082865672785e-01
1.130097368312532741e-01
1.149685497651107835e-01
1.169182288372202227e-01
1.189303574300917404e-01
1.207897727660530995e-01
1.228889140688942949e-01
1.248002261695854154e-01
1.267019763283348532e-01
1.286640034782330910e-01
1.305461149583929947e-01
1.325914020930683557e-01
1.352088740682597656e-01
1.367495751974886209e-01
1.371592817486143867e-01
1.387593114421895035e-01
1.391327151704118970e-01
1.410611138034708611e-01
1.426429834654606987e-01
1.430121362359091097e-01
1.446182271611498871e-01
1.449185076325169574e-01
1.464158309971163585e-01
1.470128577263707381e-01
1.482036521181615829e-01
1.486655660300473525e-01
1.494229998796621772e-01
1.505394427780147037e-01
1.508998175358867155e-01
1.510634906166677949e-01
1.516520225073505757e-01
1.521742542234326978e-01
1.526956322211675543e-01
1.531186236598996164e-01
1.533461551351821273e-01
1.539304871384295781e-01
1.547402717530932392e-01
1.551605390828493525e-01
1.553220309640546970e-01
1.556770210996404336e-01
1.559671690744713624e-01
1.563214297591110913e-01
1.566109812538784285e-01
1.569002645609795243e-01
1.572534690531045554e-01
1.575100937032297976e-01
1.577985435826808891e-01
1.581507300700118190e-01
1.592367823590062348e-01
1.593643027215434771e-01
1.602872505851483109e-01
1.607318220880460669e-01
1.616506739205588461e-01
1.620616782619236085e-01
1.628505169884042481e-01
1.633543019927858053e-01
1.641084136624081369e-01
1.644847658312971195e-01
1.653923502262365508e-01
1.664529388738631710e-01
1.671993363738894511e-01
1.681916396904390432e-01
1.690880654575110664e-01
1.700125594821458863e-01
1.717917459194653329e-01
5.569492563039771249e-02
5.739673481308308484e-02
5.917859495450749491e-02
6.107896786428596014e-02
6.290333054761264309e-02
6.476742912273472652e-02
6.651531794519692509e-02
6.834066490525740611e-02
7.024289290522296725e-02
7.218254708633704830e-02
7.408152008221763341e-02
7.582341411933003761e-02
7.767885564820699307e-02
7.956980346076535093e-02
8.149565604969370713e-02
8.330221479872630674e-02
8.518145143669642039e-02
8.709429424741946257e-02
8.907822589451919182e-02
9.101831518822253719e-02
9.291461051816918282e-02
9.495591632091451850e-02
9.680195462963803177e-02
9.894161514683096070e-02
1.007740760970453897e-01
1.028602756569962501e-01
1.048636315778707362e-01
1.067848688026924453e-01
1.086981739156131777e-01
1.107496191919679213e-01
1.127915321448418884e-01
1.147875601895119446e-01
1.166299681024328266e-01
1.186793885008231297e-01
1.206113612226217546e-01
1.226049472469762647e-01
1.245176707476933764e-01
1.264911447255332444e-01
1.284892443691743324e-01
1.304418074522906701e-01
1.324531054766894533e-01
1.344187838890642805e-01
1.353461001689016951e-01
1.363393855159811263e-01
1.373298501869757993e-01
1.384874898078358174e-01
1.395057124029804307e-01
1.404195273669106847e-01
1.413308924982694115e-01
1.432803555985131261e-01
1.452518335998803367e-01
1.472778541471432279e-01
1.485666397406006645e-01
1.493901047903216373e-01
1.499160247543853131e-01
1.507360609447245536e-01
1.513251938869616398e-01
1.520111485490079073e-01
1.526630710958278569e-01
1.532486616242123290e-01
1.538656145974350020e-01
1.545137414558398203e-01
1.553866044851355543e-01
1.559349436724763449e-01
1.565144938946674558e-01
1.570608616789724299e-01
1.576383266939537231e-01
1.582786988342239076e-01
1.594599084170834624e-01
1.607318220880460669e-01
1.625667704653316337e-01
1.645474456308470279e-01
1.664529388738631710e-01
1.681916396904390432e-01
1.700740898107472865e-01
1.708421386423722432e-01
1.718529056625166807e-01
9.920379045256887129e-02
1.012218485095141979e-01
1.031575906641425538e-01
1.051597166213801698e-01
1.070797435181953944e-01
1.090285067560406163e-01
1.110053828054997777e-01
1.130824469980277192e-01
1.150047382850730993e-01
1.169542471752154228e-01
1.188945143290306705e-01
1.209324438611260599e-01
1.227469567049031263e-01
1.247296069828442988e-01
1.268775786346638956e-01
1.287688191701736873e-01
1.307198942416318288e-01
1.325914020930683557e-01
1.346250651643052243e-01
1.354489845594014086e-01
1.366128989774260671e-01
1.374662445221968010e-01
1.385214792677444962e-01
1.394379249619007166e-01
1.404533253201580290e-01
1.413308924982694115e-01
1.433138678984701431e-01
1.452851477302250227e-01
1.473109636112217846e-01
1.485666397406006645e-01
1.492584909696715312e-01
1.499160247543853131e-01
1.505394427780147037e-01
1.513578917704784532e-01
1.518806039697256360e-01
1.523372765267326789e-01
1.531836493020744816e-01
1.538656145974350020e-01
1.546108458039529565e-01
1.553220309640546970e-01
1.559349436724763449e-01
1.565788221120235080e-01
1.572213760926639836e-01
1.577024233614924553e-01
1.584066147935429270e-01
1.596828731552029368e-01
1.608587242976333154e-01
1.627559642249814253e-01
1.646414409331255213e-01
1.666085919650905911e-01
1.683463889148190673e-01
1.700433262481491070e-01
1.720668644324486463e-01
2.287687657430938735e-03
2.287687657430938735e-03
2.287687657430938735e-03
2.287687657430938735e-03
2.287687657430938735e-03
4.605594330423758848e-03
4.605594330423758848e-03
4.605594330423758848e-03
4.605594330423758848e-03
4.605594330423758848e-03
4.605594330423758848e-03
4.605594330423758848e-03
4.605594330423758848e-03
4.605594330423758848e-03
4.605594330423758848e-03
4.605594330423758848e-03
1.430300801926458025e-02
1.430300801926458025e-02
1.430300801926458025e-02
1.430300801926458025e-02
1.430300801926458025e-02
1.430300801926458025e-02
1.430300801926458025e-02
1.430300801926458025e-02
1.430300801926458025e-02
1.430300801926458025e-02
1.430300801926458025e-02
1.430300801926458025e-02
1.430300801926458025e-02
1.430300801926458025e-02
1.430300801926458025e-02
1.430300801926458025e-02
2.918838605312912282e-02
2.918838605312912282e-02
2.918838605312912282e-02
2.918838605312912282e-02
2.918838605312912282e-02
2.918838605312912282e-02
2.918838605312912282e-02
2.918838605312912282e-02
2.918838605312912282e-02
2.918838605312912282e-02
2.918838605312912282e-02
2.918838605312912282e-02
2.918838605312912282e-02
2.918838605312912282e-02
2.918838605312912282e-02
2.918838605312912282e-02
4.296675501476301257e-02
4.296675501476301257e-02
4.296675501476301257e-02
4.296675501476301257e-02
4.296675501476301257e-02
4.296675501476301257e-02
4.296675501476301257e-02
4.296675501476301257e-02
4.296675501476301257e-02
4.296675501476301257e-02
4.296675501476301257e-02
4.296675501476301257e-02
4.296675501476301257e-02
4.296675501476301257e-02
4.296675501476301257e-02
4.296675501476301257e-02
4.296675501476301257e-02
4.296675501476301257e-02
6.166107708438644391e-02
6.166107708438644391e-02
6.166107708438644391e-02
6.166107708438644391e-02
6.166107708438644391e-02
6.166107708438644391e-02
6.166107708438644391e-02
6.166107708438644391e-02
6.166107708438644391e-02
6.166107708438644391e-02
6.166107708438644391e-02
6.166107708438644391e-02
6.166107708438644391e-02
6.166107708438644391e-02
6.166107708438644391e-02
6.166107708438644391e-02
6.166107708438644391e-02
6.166107708438644391e-02
6.166107708438644391e-02
6.166107708438644391e-02
6.166107708438644391e-02
6.166107708438644391e-02
6.166107708438644391e-02
6.166107708438644391e-02
6.166107708438644391e-02
6.166107708438644391e-02
6.166107708438644391e-02
6.166107708438644391e-02
6.166107708438644391e-02
6.166107708438644391e-02
6.166107708438644391e-02
6.166107708438644391e-02
6.166107708438644391e-02
6.166107708438644391e-02
6.166107708438644391e-02
6.166107708438644391e-02
9.905399198374079117e-02
9.905399198374079117e-02
9.905399198374079117e-02
9.905399198374079117e-02
9.905399198374079117e-02
9.905399198374079117e-02
9.905399198374079117e-02
9.905399198374079117e-02
9.905399198374079117e-02
9.905399198374079117e-02
9.905399198374079117e-02
9.905399198374079117e-02
9.905399198374079117e-02
9.905399198374079117e-02
9.905399198374079117e-02
9.905399198374079117e-02
9.905399198374079117e-02
9.905399198374079117e-02
1.261043119769968690e-01
1.261043119769968690e-01
1.261043119769968690e-01
1.261043119769968690e-01
1.261043119769968690e-01
1.261043119769968690e-01
1.261043119769968690e-01
1.261043119769968690e-01
1.261043119769968690e-01
1.261043119769968690e-01
1.261043119769968690e-01
1.261043119769968690e-01
1.261043119769968690e-01
1.261043119769968690e-01
1.261043119769968690e-01
1.261043119769968690e-01
1.261043119769968690e-01
1.261043119769968690e-01
1.641084136624081369e-01
1.641084136624081369e-01
1.641084136624081369e-01
1.641084136624081369e-01
1.641084136624081369e-01
1.641084136624081369e-01
1.641084136624081369e-01
1.641084136624081369e-01
1.641084136624081369e-01
1.641084136624081369e-01
1.641084136624081369e-01
1.641084136624081369e-01
1.641084136624081369e-01
1.641084136624081369e-01
1.641084136624081369e-01
1.641084136624081369e-01
1.641084136624081369e-01
1.641084136624081369e-01
2.116899524000827749e-03
2.116899524000827749e-03
2.116899524000827749e-03
2.116899524000827749e-03
2.116899524000827749e-03
4.371677335731547626e-03
4.371677335731547626e-03
4.371677335731547626e-03
4.371677335731547626e-03
4.371677335731547626e-03
4.371677335731547626e-03
4.371677335731547626e-03
4.371677335731547626e-03
4.371677335731547626e-03
1.396837224222979325e-02
1.396837224222979325e-02
1.396837224222979325e-02
1.396837224222979325e-02
1.396837224222979325e-02
1.396837224222979325e-02
1.396837224222979325e-02
1.396837224222979325e-02
1.396837224222979325e-02
1.396837224222979325e-02
1.396837224222979325e-02
1.396837224222979325e-02
1.396837224222979325e-02
1.396837224222979325e-02
2.887439804299738941e-02
2.887439804299738941e-02
2.887439804299738941e-02
2.887439804299738941e-02
2.887439804299738941e-02
2.887439804299738941e-02
2.887439804299738941e-02
2.887439804299738941e-02
2.887439804299738941e-02
2.887439804299738941e-02
2.887439804299738941e-02
2.887439804299738941e-02
2.887439804299738941e-02
2.887439804299738941e-02
4.266584426025797627e-02
4.266584426025797627e-02
4.266584426025797627e-02
4.266584426025797627e-02
4.266584426025797627e-02
4.266584426025797627e-02
4.266584426025797627e-02
4.266584426025797627e-02
4.266584426025797627e-02
4.266584426025797627e-02
4.266584426025797627e-02
4.266584426025797627e-02
4.266584426025797627e-02
4.266584426025797627e-02
4.266584426025797627e-02
4.266584426025797627e-02
6.135060093436713741e-02
6.135060093436713741e-02
6.135060093436713741e-02
6.135060093436713741e-02
6.135060093436713741e-02
6.135060093436713741e-02
6.135060093436713741e-02
6.135060093436713741e-02
6.135060093436713741e-02
6.135060093436713741e-02
6.135060093436713741e-02
6.135060093436713741e-02
6.135060093436713741e-02
6.135060093436713741e-02
6.135060093436713741e-02
6.135060093436713741e-02
6.135060093436713741e-02
6.135060093436713741e-02
6.135060093436713741e-02
6.135060093436713741e-02
6.135060093436713741e-02
6.135060093436713741e-02
6.135060093436713741e-02
6.135060093436713741e-02
6.135060093436713741e-02
6.135060093436713741e-02
6.135060093436713741e-02
6.135060093436713741e-02
6.135060093436713741e-02
6.135060093436713741e-02
6.135060093436713741e-02
6.135060093436713741e-02
9.882921436840599871e-02
9.882921436840599871e-02
9.882921436840599871e-02
9.882921436840599871e-02
9.882921436840599871e-02
9.882921436840599871e-02
9.882921436840599871e-02
9.882921436840599871e-02
9.882921436840599871e-02
9.882921436840599871e-02
9.882921436840599871e-02
9.882921436840599871e-02
9.882921436840599871e-02
9.882921436840599871e-02
9.882921436840599871e-02
9.882921436840599871e-02
1.259283471807772503e-01
1.259283471807772503e-01
1.259283471807772503e-01
1.259283471807772503e-01
1.259283471807772503e-01
1.259283471807772503e-01
1.259283471807772503e-01
1.259283471807772503e-01
1.259283471807772503e-01
1.259283471807772503e-01
1.259283471807772503e-01
1.259283471807772503e-01
1.259283471807772503e-01
1.259283471807772503e-01
1.259283471807772503e-01
1.259283471807772503e-01
1.639828587478154853e-01
1.639828587478154853e-01
1.639828587478154853e-01
1.639828587478154853e-01
1.639828587478154853e-01
1.639828587478154853e-01
1.639828587478154853e-01
1.639828587478154853e-01
1.639828587478154853e-01
1.639828587478154853e-01
1.639828587478154853e-01
1.639828587478154853e-01
1.639828587478154853e-01
1.639828587478154853e-01
1.639828587478154853e-01
1.639828587478154853e-01
1.953606638838513865e-03
1.953606638838513865e-03
1.953606638838513865e-03
1.953606638838513865e-03
1.953606638838513865e-03
1.953606638838513865e-03
1.953606638838513865e-03
4.143985838539216565e-03
4.143985838539216565e-03
4.143985838539216565e-03
4.143985838539216565e-03
4.143985838539216565e-03
4.143985838539216565e-03
4.143985838539216565e-03
4.143985838539216565e-03
4.143985838539216565e-03
1.366423898259393720e-02
1.366423898259393720e-02
1.366423898259393720e-02
1.366423898259393720e-02
1.366423898259393720e-02
1.366423898259393720e-02
1.366423898259393720e-02
1.366423898259393720e-02
1.366423898259393720e-02
1.366423898259393720e-02
1.366423898259393720e-02
1.366423898259393720e-02
1.366423898259393720e-02
1.366423898259393720e-02
1.366423898259393720e-02
2.856123390264190057e-02
2.856123390264190057e-02
2.856123390264190057e-02
2.856123390264190057e-02
2.856123390264190057e-02
2.856123390264190057e-02
2.856123390264190057e-02
2.856123390264190057e-02
2.856123390264190057e-02
2.856123390264190057e-02
2.856123390264190057e-02
2.856123390264190057e-02
2.856123390264190057e-02
2.856123390264190057e-02
2.856123390264190057e-02
2.856123390264190057e-02
4.232768386987056930e-02
4.232768386987056930e-02
4.232768386987056930e-02
4.232768386987056930e-02
4.232768386987056930e-02
4.232768386987056930e-02
4.232768386987056930e-02
4.232768386987056930e-02
4.232768386987056930e-02
4.232768386987056930e-02
4.232768386987056930e-02
4.232768386987056930e-02
4.232768386987056930e-02
4.232768386987056930e-02
4.232768386987056930e-02
4.232768386987056930e-02
4.232768386987056930e-02
4.232768386987056930e-02
6.107896786428596014e-02
6.107896786428596014e-02
6.107896786428596014e-02
6.107896786428596014e-02
6.107896786428596014e-02
6.107896786428596014e-02
6.107896786428596014e-02
6.107896786428596014e-02
6.107896786428596014e-02
6.107896786428596014e-02
6.107896786428596014e-02
6.107896786428596014e-02
6.107896786428596014e-02
6.107896786428596014e-02
6.107896786428596014e-02
6.107896786428596014e-02
6.107896786428596014e-02
6.107896786428596014e-02
6.107896786428596014e-02
6.107896786428596014e-02
6.107896786428596014e-02
6.107896786428596014e-02
6.107896786428596014e-02
6.107896786428596014e-02
6.107896786428596014e-02
6.107896786428596014e-02
6.107896786428596014e-02
6.107896786428596014e-02
6.107896786428596014e-02
6.107896786428596014e-02
6.107896786428596014e-02
6.107896786428596014e-02
6.107896786428596014e-02
6.107896786428596014e-02
6.107896786428596014e-02
6.107896786428596014e-02
9.860434115318722492e-02
9.860434115318722492e-02
9.860434115318722492e-02
9.860434115318722492e-02
9.860434115318722492e-02
9.860434115318722492e-02
9.860434115318722492e-02
9.860434115318722492e-02
9.860434115318722492e-02
9.860434115318722492e-02
9.860434115318722492e-02
9.860434115318722492e-02
9.860434115318722492e-02
9.860434115318722492e-02
9.860434115318722492e-02
9.860434115318722492e-02
9.860434115318722492e-02
9.860434115318722492e-02
1.257523001133471763e-01
1.257523001133471763e-01
1.257523001133471763e-01
1.257523001133471763e-01
1.257523001133471763e-01
1.257523001133471763e-01
1.257523001133471763e-01
1.257523001133471763e-01
1.257523001133471763e-01
1.257523001133471763e-01
1.257523001133471763e-01
1.257523001133471763e-01
1.257523001133471763e-01
1.257523001133471763e-01
1.257523001133471763e-01
1.257523001133471763e-01
1.257523001133471763e-01
1.257523001133471763e-01
1.257523001133471763e-01
1.638258418039680586e-01
1.638258418039680586e-01
1.638258418039680586e-01
1.638258418039680586e-01
1.638258418039680586e-01
1.638258418039680586e-01
1.638258418039680586e-01
1.638258418039680586e-01
1.638258418039680586e-01
1.638258418039680586e-01
1.638258418039680586e-01
1.638258418039680586e-01
1.638258418039680586e-01
1.638258418039680586e-01
1.638258418039680586e-01
1.638258418039680586e-01
1.638258418039680586e-01
1.638258418039680586e-01
1.638258418039680586e-01
