6.852750099733262565e-04
6.852750099733262565e-04
6.852750099733262565e-04
6.852750099733262565e-04
6.852750099733262565e-04
1.217692498605555534e-03
1.217692498605555534e-03
1.217692498605555534e-03
1.217692498605555534e-03
1.217692498605555534e-03
1.217692498605555534e-03
1.217692498605555534e-03
1.217692498605555534e-03
1.217692498605555534e-03
1.217692498605555534e-03
1.217692498605555534e-03
3.062502704224888406e-03
3.062502704224888406e-03
3.062502704224888406e-03
3.062502704224888406e-03
3.062502704224888406e-03
3.062502704224888406e-03
3.062502704224888406e-03
3.062502704224888406e-03
3.062502704224888406e-03
3.062502704224888406e-03
3.062502704224888406e-03
3.062502704224888406e-03
3.062502704224888406e-03
3.062502704224888406e-03
3.062502704224888406e-03
3.062502704224888406e-03
5.452082176518673398e-03
5.452082176518673398e-03
5.452082176518673398e-03
5.452082176518673398e-03
5.452082176518673398e-03
5.452082176518673398e-03
5.452082176518673398e-03
5.452082176518673398e-03
5.452082176518673398e-03
5.452082176518673398e-03
5.452082176518673398e-03
5.452082176518673398e-03
5.452082176518673398e-03
5.452082176518673398e-03
5.452082176518673398e-03
5.452082176518673398e-03
7.451156229637313951e-03
7.451156229637313951e-03
7.451156229637313951e-03
7.451156229637313951e-03
7.451156229637313951e-03
7.451156229637313951e-03
7.451156229637313951e-03
7.451156229637313951e-03
7.451156229637313951e-03
7.451156229637313951e-03
7.451156229637313951e-03
7.451156229637313951e-03
7.451156229637313951e-03
7.451156229637313951e-03
7.451156229637313951e-03
7.451156229637313951e-03
7.451156229637313951e-03
7.451156229637313951e-03
9.980921057975919441e-03
9.980921057975919441e-03
9.980921057975919441e-03
9.980921057975919441e-03
9.980921057975919441e-03
9.980921057975919441e-03
9.980921057975919441e-03
9.980921057975919441e-03
9.980921057975919441e-03
9.980921057975919441e-03
9.980921057975919441e-03
9.980921057975919441e-03
9.980921057975919441e-03
9.980921057975919441e-03
9.980921057975919441e-03
9.980921057975919441e-03
9.980921057975919441e-03
9.980921057975919441e-03
9.980921057975919441e-03
9.980921057975919441e-03
9.980921057975919441e-03
9.980921057975919441e-03
9.980921057975919441e-03
9.980921057975919441e-03
9.980921057975919441e-03
9.980921057975919441e-03
9.980921057975919441e-03
9.980921057975919441e-03
9.980921057975919441e-03
9.980921057975919441e-03
9.980921057975919441e-03
9.980921057975919441e-03
9.980921057975919441e-03
9.980921057975919441e-03
9.980921057975919441e-03
9.980921057975919441e-03
1.467467076536906057e-02
1.467467076536906057e-02
1.467467076536906057e-02
1.467467076536906057e-02
1.467467076536906057e-02
1.467467076536906057e-02
1.467467076536906057e-02
1.467467076536906057e-02
1.467467076536906057e-02
1.467467076536906057e-02
1.467467076536906057e-02
1.467467076536906057e-02
1.467467076536906057e-02
1.467467076536906057e-02
1.467467076536906057e-02
1.467467076536906057e-02
1.467467076536906057e-02
1.467467076536906057e-02
1.788349257420789387e-02
1.788349257420789387e-02
1.788349257420789387e-02
1.788349257420789387e-02
1.788349257420789387e-02
1.788349257420789387e-02
1.788349257420789387e-02
1.788349257420789387e-02
1.788349257420789387e-02
1.788349257420789387e-02
1.788349257420789387e-02
1.788349257420789387e-02
1.788349257420789387e-02
1.788349257420789387e-02
1.788349257420789387e-02
1.788349257420789387e-02
1.788349257420789387e-02
1.788349257420789387e-02
6.427713188666717712e-04
6.427713188666717712e-04
6.427713188666717712e-04
6.427713188666717712e-04
6.427713188666717712e-04
1.166826009680026893e-03
1.166826009680026893e-03
1.166826009680026893e-03
1.166826009680026893e-03
1.166826009680026893e-03
1.166826009680026893e-03
1.166826009680026893e-03
1.166826009680026893e-03
1.166826009680026893e-03
3.004330623357736891e-03
3.004330623357736891e-03
3.004330623357736891e-03
3.004330623357736891e-03
3.004330623357736891e-03
3.004330623357736891e-03
3.004330623357736891e-03
3.004330623357736891e-03
3.004330623357736891e-03
3.004330623357736891e-03
3.004330623357736891e-03
3.004330623357736891e-03
3.004330623357736891e-03
3.004330623357736891e-03
5.404659123234656880e-03
5.404659123234656880e-03
5.404659123234656880e-03
5.404659123234656880e-03
5.404659123234656880e-03
5.404659123234656880e-03
5.404659123234656880e-03
5.404659123234656880e-03
5.404659123234656880e-03
5.404659123234656880e-03
5.404659123234656880e-03
5.404659123234656880e-03
5.404659123234656880e-03
5.404659123234656880e-03
7.408949945041507466e-03
7.408949945041507466e-03
7.408949945041507466e-03
7.408949945041507466e-03
7.408949945041507466e-03
7.408949945041507466e-03
7.408949945041507466e-03
7.408949945041507466e-03
7.408949945041507466e-03
7.408949945041507466e-03
7.408949945041507466e-03
7.408949945041507466e-03
7.408949945041507466e-03
7.408949945041507466e-03
7.408949945041507466e-03
7.408949945041507466e-03
9.940173390131826214e-03
9.940173390131826214e-03
9.940173390131826214e-03
9.940173390131826214e-03
9.940173390131826214e-03
9.940173390131826214e-03
9.940173390131826214e-03
9.940173390131826214e-03
9.940173390131826214e-03
9.940173390131826214e-03
9.940173390131826214e-03
9.940173390131826214e-03
9.940173390131826214e-03
9.940173390131826214e-03
9.940173390131826214e-03
9.940173390131826214e-03
9.940173390131826214e-03
9.940173390131826214e-03
9.940173390131826214e-03
9.940173390131826214e-03
9.940173390131826214e-03
9.940173390131826214e-03
9.940173390131826214e-03
9.940173390131826214e-03
9.940173390131826214e-03
9.940173390131826214e-03
9.940173390131826214e-03
9.940173390131826214e-03
9.940173390131826214e-03
9.940173390131826214e-03
9.940173390131826214e-03
9.940173390131826214e-03
1.464747184723743864e-02
1.464747184723743864e-02
1.464747184723743864e-02
1.464747184723743864e-02
1.464747184723743864e-02
1.464747184723743864e-02
1.464747184723743864e-02
1.464747184723743864e-02
1.464747184723743864e-02
1.464747184723743864e-02
1.464747184723743864e-02
1.464747184723743864e-02
1.464747184723743864e-02
1.464747184723743864e-02
1.464747184723743864e-02
1.464747184723743864e-02
1.786298453211888557e-02
1.786298453211888557e-02
1.786298453211888557e-02
1.786298453211888557e-02
1.786298453211888557e-02
1.786298453211888557e-02
1.786298453211888557e-02
1.786298453211888557e-02
1.786298453211888557e-02
1.786298453211888557e-02
1.786298453211888557e-02
1.786298453211888557e-02
1.786298453211888557e-02
1.786298453211888557e-02
1.786298453211888557e-02
1.786298453211888557e-02
6.015319521158898029e-04
6.015319521158898029e-04
6.015319521158898029e-04
6.015319521158898029e-04
6.015319521158898029e-04
6.015319521158898029e-04
6.015319521158898029e-04
1.116808707637825023e-03
1.116808707637825023e-03
1.116808707637825023e-03
1.116808707637825023e-03
1.116808707637825023e-03
1.116808707637825023e-03
1.116808707637825023e-03
1.116808707637825023e-03
1.116808707637825023e-03
2.951222958277586496e-03
2.951222958277586496e-03
2.951222958277586496e-03
2.951222958277586496e-03
2.951222958277586496e-03
2.951222958277586496e-03
2.951222958277586496e-03
2.951222958277586496e-03
2.951222958277586496e-03
2.951222958277586496e-03
2.951222958277586496e-03
2.951222958277586496e-03
2.951222958277586496e-03
2.951222958277586496e-03
2.951222958277586496e-03
5.357261250396340262e-03
5.357261250396340262e-03
5.357261250396340262e-03
5.357261250396340262e-03
5.357261250396340262e-03
5.357261250396340262e-03
5.357261250396340262e-03
5.357261250396340262e-03
5.357261250396340262e-03
5.357261250396340262e-03
5.357261250396340262e-03
5.357261250396340262e-03
5.357261250396340262e-03
5.357261250396340262e-03
5.357261250396340262e-03
5.357261250396340262e-03
7.361452293008985230e-03
7.361452293008985230e-03
7.361452293008985230e-03
7.361452293008985230e-03
7.361452293008985230e-03
7.361452293008985230e-03
7.361452293008985230e-03
7.361452293008985230e-03
7.361452293008985230e-03
7.361452293008985230e-03
7.361452293008985230e-03
7.361452293008985230e-03
7.361452293008985230e-03
7.361452293008985230e-03
7.361452293008985230e-03
7.361452293008985230e-03
7.361452293008985230e-03
7.361452293008985230e-03
9.904493299766415140e-03
9.904493299766415140e-03
9.904493299766415140e-03
9.904493299766415140e-03
9.904493299766415140e-03
9.904493299766415140e-03
9.904493299766415140e-03
9.904493299766415140e-03
9.904493299766415140e-03
9.904493299766415140e-03
9.904493299766415140e-03
9.904493299766415140e-03
9.904493299766415140e-03
9.904493299766415140e-03
9.904493299766415140e-03
9.904493299766415140e-03
9.904493299766415140e-03
9.904493299766415140e-03
9.904493299766415140e-03
9.904493299766415140e-03
9.904493299766415140e-03
9.904493299766415140e-03
9.904493299766415140e-03
9.904493299766415140e-03
9.904493299766415140e-03
9.904493299766415140e-03
9.904493299766415140e-03
9.904493299766415140e-03
9.904493299766415140e-03
9.904493299766415140e-03
9.904493299766415140e-03
9.904493299766415140e-03
9.904493299766415140e-03
9.904493299766415140e-03
9.904493299766415140e-03
9.904493299766415140e-03
1.462025137109974893e-02
1.462025137109974893e-02
1.462025137109974893e-02
1.462025137109974893e-02
1.462025137109974893e-02
1.462025137109974893e-02
1.462025137109974893e-02
1.462025137109974893e-02
1.462025137109974893e-02
1.462025137109974893e-02
1.462025137109974893e-02
1.462025137109974893e-02
1.462025137109974893e-02
1.462025137109974893e-02
1.462025137109974893e-02
1.462025137109974893e-02
1.462025137109974893e-02
1.462025137109974893e-02
1.784246264037992261e-02
1.784246264037992261e-02
1.784246264037992261e-02
1.784246264037992261e-02
1.784246264037992261e-02
1.784246264037992261e-02
1.784246264037992261e-02
1.784246264037992261e-02
1.784246264037992261e-02
1.784246264037992261e-02
1.784246264037992261e-02
1.784246264037992261e-02
1.784246264037992261e-02
1.784246264037992261e-02
1.784246264037992261e-02
1.784246264037992261e-02
1.784246264037992261e-02
1.784246264037992261e-02
1.784246264037992261e-02
