6.988592592924485203e-01
6.925474132905508062e-01
6.860001007825191621e-01
6.797661793310459943e-01
6.733177698647723197e-01
6.679167798998938421e-01
6.617973917080384183e-01
6.561962148785918103e-01
6.559610174713056407e-01
6.503912285489571454e-01
6.393386586446221376e-01
6.344980414013150494e-01
6.194211500191173503e-01
6.148233276077065268e-01
6.148233276077065268e-01
6.102320326262068440e-01
6.056498476040509393e-01
6.053726563371132352e-01
6.004475640461096608e-01
5.962575949505075634e-01
5.915504697342052198e-01
5.871217267909659698e-01
5.829560277330758655e-01
5.785554420318822499e-01
5.756766343109364081e-01
5.712829111992508979e-01
5.672920773482259538e-01
5.633839604583947835e-01
5.591917566272448514e-01
5.553055561776611970e-01
5.514995036802421424e-01
5.477708831414009882e-01
5.431817410633775767e-01
5.402076674253911692e-01
5.365741439227840193e-01
5.329502508095402824e-01
5.293373675888550789e-01
5.259785786046240474e-01
5.225051641996258933e-01
5.193325958704194667e-01
5.159317021641252055e-01
5.127649816565177376e-01
5.093812335878087350e-01
5.079048207649764501e-01
5.062793772778102497e-01
5.030220380597280050e-01
5.030220380597280050e-01
5.001385548951879922e-01
4.971000275639065880e-01
4.940663114250739008e-01
4.909893139521025462e-01
4.897648134389948060e-01
4.891316968369016638e-01
4.887918071754427940e-01
4.880658608531481812e-01
4.877281952715307733e-01
4.872470340337305417e-01
4.852416555154211442e-01
4.840597152889489774e-01
4.835424013603284998e-01
4.832140672521519908e-01
4.829331718207228175e-01
4.823262483298434988e-01
4.814896727701682422e-01
4.803349792170218402e-01
4.796461537958233157e-01
4.788690703648394442e-01
4.782319587901130986e-01
4.776878905289622668e-01
4.771456824427001697e-01
4.766502834488333673e-01
4.761116112322100746e-01
4.752178848514995169e-01
4.747284843391911813e-01
4.735336359946061280e-01
4.717364351391468702e-01
4.701752315147492145e-01
4.682880662682759043e-01
4.666342904276256642e-01
4.649562564818173205e-01
4.625140096634851039e-01
4.600291766930427739e-01
4.575046339534817319e-01
6.991438139009026331e-01
6.957519598655779181e-01
6.949116963543066072e-01
6.896599393488483942e-01
6.830607891125304310e-01
6.767769495252329293e-01
6.706637381865445668e-01
6.643469368114959250e-01
6.588002327033889438e-01
6.531582740503721896e-01
6.474330094305293937e-01
6.421865789739642505e-01
6.365283782962020132e-01
6.316460368997974806e-01
6.264647916407415362e-01
6.214092794977610357e-01
6.167672681216210817e-01
6.115604969726525786e-01
6.068554361529326924e-01
6.020758472126247485e-01
5.974077168422688988e-01
5.929335063366680814e-01
5.884737801928154877e-01
5.841134531933729335e-01
5.800111821160811587e-01
5.777514318344824096e-01
5.753594199550805532e-01
5.717488475348756483e-01
5.694305243433642749e-01
5.675960910593340625e-01
5.653278585431436021e-01
5.616073282328700733e-01
5.598474470098020461e-01
5.574544823238920532e-01
5.557333473540315705e-01
5.537454240406903816e-01
5.516390714225263281e-01
5.498329362340066417e-01
5.462734150418417922e-01
5.425165783030559963e-01
5.389665778232243243e-01
5.353579516698334650e-01
5.318210785309913646e-01
5.283536131023263138e-01
5.249533160070889437e-01
5.215590677046562096e-01
5.182878895814951870e-01
5.148506894530404665e-01
5.107045057507395569e-01
5.074155388294268043e-01
5.042960692669062883e-01
5.015478465706577627e-01
4.979698296365645538e-01
4.951217606658240844e-01
4.922230807341962389e-01
4.904004044231541903e-01
4.883074820602910093e-01
4.863367526076942671e-01
4.854790883119054490e-01
4.844842142429051646e-01
4.834954553459034354e-01
4.826994675984951910e-01
4.815360345839938550e-01
4.806574524053955910e-01
4.798754315719599983e-01
4.790515723344485055e-01
4.781411511167800166e-01
4.772810606522102650e-01
4.763807179935999336e-01
4.747284843391911813e-01
4.728298382913257436e-01
4.713012016481510358e-01
4.696152768677483436e-01
4.677348472338831997e-01
4.660869295773061305e-01
4.636682116651996699e-01
4.613684212074699587e-01
4.590223595681128255e-01
7.010019461260410534e-01
7.010019461260410534e-01
6.974416893929052952e-01
6.967361377348542106e-01
6.937960751172028706e-01
6.907556571766452214e-01
6.876194728327315042e-01
6.846593454424381164e-01
6.817371946188528486e-01
6.782016411977607184e-01
6.756179605503594976e-01
6.729366887091672300e-01
6.699112012579605535e-01
6.666792938649813705e-01
6.641028499546525188e-01
6.614355668969679192e-01
6.585622191109663515e-01
6.553741309853398089e-01
6.553741309853398089e-01
6.528104567516413992e-01
6.498191839647630141e-01
6.470942733828486393e-01
6.440694361399967871e-01
6.416359394772900293e-01
6.385783766039990761e-01
6.357780886797114173e-01
6.314363075714863882e-01
6.314363075714863882e-01
6.287287430354993045e-01
6.261579664615344321e-01
6.239216382218862877e-01
6.216091495746786100e-01
6.168649509919018614e-01
6.166696317545810047e-01
6.143402146718290879e-01
6.116557204290142824e-01
6.092884254448617254e-01
6.070415526782321214e-01
6.048194165318461213e-01
6.024394949005250632e-01
6.001774690530056189e-01
5.978518515199370276e-01
5.957290109044837134e-01
5.931070706495874534e-01
5.912922290040728557e-01
5.887283344309691691e-01
5.867011226253411316e-01
5.845284978078817417e-01
5.825443303708379705e-01
5.802548784010954641e-01
5.781530164873327493e-01
5.780726323791814947e-01
5.759943753847316383e-01
5.717488475348756483e-01
5.677482818434874678e-01
5.640545705218383832e-01
5.597744782640872163e-01
5.558761649275953953e-01
5.519185260530470316e-01
5.481814320666080764e-01
5.443852442790492185e-01
5.408643368137040497e-01
5.373465632526889246e-01
5.336438630682724948e-01
5.300169057456970423e-01
5.267059330423289332e-01
5.232181365998960221e-01
5.199157343698626033e-01
5.166752917198379480e-01
5.134948963708281244e-01
5.099313413286181706e-01
5.080137431186367847e-01
5.067653649645116332e-01
5.047763419236604987e-01
5.038703132798713069e-01
5.029163057164806050e-01
5.019151745929346653e-01
5.007112700247750015e-01
5.000346366357888428e-01
4.985865741479343916e-01
4.976623175985730452e-01
4.958291772648345530e-01
4.948195111249794609e-01
4.930176085311290812e-01
4.920250505429664134e-01
4.899112680761718019e-01
4.885979035813982074e-01
4.870069888924729029e-01
4.863845345274231402e-01
4.849571972764520345e-01
4.841539515773992663e-01
4.832609310162772065e-01
4.824194716590216592e-01
4.813043598684338953e-01
4.797378253050206820e-01
4.786412371304097912e-01
4.777784391070651893e-01
4.767402407576808443e-01
4.760220106858220057e-01
4.742405989139837352e-01
4.724353342051564320e-01
4.707372024019285117e-01
4.691001748226953927e-01
4.673530008136501657e-01
4.647061161120462636e-01
4.623908579389672258e-01
4.601100098156917229e-01
4.581418310593873833e-01
6.977245119695227871e-01
6.971592111155985316e-01
6.911679024757131362e-01
6.782016411977607184e-01
6.715449180803519935e-01
6.659401024915434508e-01
6.602337655425902785e-01
6.543217016355750149e-01
6.486796182975183012e-01
6.434030044250621527e-01
6.379288654126696878e-01
6.325924178015815968e-01
6.276966290184099462e-01
6.229130342679766175e-01
6.177461955741976318e-01
6.131853856782393253e-01
6.084429202610805998e-01
6.036259280708334840e-01
5.991902380527185379e-01
5.945885637154969539e-01
5.900915733669234164e-01
5.859463137156664114e-01
5.814779969963514983e-01
5.752801984954306613e-01
5.712053661488178946e-01
5.672920773482259538e-01
5.632352614949392988e-01
5.592644970292988127e-01
5.553767858995759532e-01
5.515692742676994165e-01
5.476342389746101658e-01
5.439831853507678394e-01
5.404044162567428478e-01
5.370243153864194818e-01
5.333282481459348245e-01
5.296459233097686736e-01
5.263418776404629185e-01
5.229801538447702569e-01
5.196822425291722780e-01
5.162744967732879608e-01
5.129892380265550500e-01
5.096010622047268956e-01
5.076328222012446156e-01
5.066572463221755696e-01
5.045093538564782154e-01
5.033926290276052873e-01
5.017576491360229429e-01
5.003465866507348370e-01
4.984836236567422030e-01
4.976623175985730452e-01
4.953740604225965183e-01
4.943671767941812956e-01
4.925702118827259834e-01
4.914817021861818680e-01
4.894722992809529272e-01
4.885010386158827878e-01
4.866715232590146933e-01
4.858120828336142671e-01
4.847678372310169070e-01
4.838243660480207042e-01
4.831203807724048227e-01
4.820934271814844019e-01
4.811655160818999466e-01
4.803349792170218402e-01
4.801050397811011394e-01
4.792799946808585787e-01
4.785501952139636916e-01
4.784592054384514404e-01
4.776426356197314149e-01
4.775521645302340246e-01
4.767402407576808443e-01
4.758877050520003982e-01
4.740635601490849615e-01
4.725667253746708152e-01
4.706939020144746966e-01
4.688432612692275403e-01
4.672259272207118785e-01
4.647477780185900187e-01
4.623088116564244010e-01
4.599483863443717402e-01
6.968770764396881034e-01
6.906184062284730363e-01
6.845257027072759737e-01
6.779419357295232151e-01
6.721764674610007928e-01
6.659401024915434508e-01
6.604736006365722334e-01
6.546719466585280145e-01
6.489070507609273619e-01
6.436249179081029448e-01
6.379288654126696878e-01
6.331200307812975270e-01
6.279026442372523942e-01
6.231143628180823013e-01
6.181390769509613747e-01
6.135696029886189562e-01
6.132813721682920383e-01
6.090061978847008950e-01
6.039924005999095513e-01
5.997281216360473843e-01
5.952895992019702209e-01
5.906052414088314162e-01
5.860300371489943760e-01
5.817235527273906248e-01
5.775108834543134506e-01
5.744109226952257563e-01
5.704316533083578777e-01
5.662318746400269998e-01
5.624195226783266222e-01
5.583934864452548830e-01
5.543820642180606884e-01
5.507337758597163901e-01
5.468845252362150022e-01
5.431817410633775767e-01
5.396187118719057985e-01
5.362532873308525350e-01
5.325730586610197825e-01
5.290293522802296255e-01
5.257367981595307826e-01
5.222089542850061328e-01
5.190417639772082481e-01
5.157605616076140764e-01
5.125969829294639846e-01
5.091068488793816238e-01
5.060099897162065874e-01
5.030220380597280050e-01
5.017051737216111640e-01
4.997751251640584202e-01
4.968960322668292684e-01
4.941164173637448975e-01
4.906945931261237348e-01
4.889373870531044108e-01
4.869590225895532587e-01
4.849571972764520345e-01
4.838714083253994325e-01
4.830735580434673548e-01
4.821399643317375028e-01
4.813969894615671707e-01
4.799213267538003924e-01
4.785046938117181181e-01
4.777331583560263661e-01
4.767402407576808443e-01
4.758429618663186922e-01
4.750842612806585041e-01
4.732253364224243697e-01
4.714751498385287842e-01
4.698304061993809344e-01
4.680324895814789166e-01
4.664235379198608533e-01
4.647061161120462636e-01
4.623088116564244010e-01
4.599080071985105489e-01
4.576636828480689645e-01
6.970181008709908088e-01
6.902071446964844759e-01
6.843921383552293847e-01
6.775529374463897803e-01
6.715449180803519935e-01
6.656942523565905212e-01
6.604736006365722334e-01
6.540885176824711156e-01
6.485659919014765684e-01
6.432921339177138931e-01
6.379288654126696878e-01
6.325924178015815968e-01
6.276966290184099462e-01
6.228124433199335730e-01
6.177461955741976318e-01
6.128976970620884090e-01
6.082555089539681825e-01
6.038090807147390437e-01
5.989218398045393910e-01
5.945885637154969539e-01
5.900915733669234164e-01
5.855282355817149620e-01
5.812327528112072317e-01
5.770306891858987264e-01
5.729187086710955112e-01
5.687405235382606561e-01
5.648774758626244896e-01
5.607986525804560252e-01
5.568789897760892948e-01
5.530406197354107434e-01
5.492807723771440109e-01
5.455968079814149663e-01
5.419862094068802483e-01
5.383168098824215875e-01
5.349756112278181153e-01
5.312591859372148839e-01
5.279249475101098765e-01
5.246529111688668090e-01
5.213233482186627743e-01
5.181722012112986997e-01
5.147939827624974374e-01
5.105385305582534894e-01
5.080682306749896293e-01
5.074155388294268043e-01
5.048832563293159659e-01
5.042960692669062883e-01
5.012859644412052118e-01
4.988442307408035847e-01
4.982779145598097426e-01
4.958291772648345530e-01
4.953740604225965183e-01
4.931171963024421068e-01
4.922230807341962389e-01
4.904493989885601590e-01
4.897648134389948060e-01
4.886463577612379927e-01
4.870069888924729029e-01
4.864801407979644221e-01
4.862412311645967766e-01
4.853840732118859802e-01
4.846259632463628675e-01
4.838714083253994325e-01
4.832609310162772065e-01
4.829331718207228175e-01
4.820934271814844019e-01
4.809343776152245065e-01
4.803349792170218402e-01
4.801050397811011394e-01
4.796003378228946845e-01
4.791885863804858370e-01
4.786867776570197797e-01
4.782773821113937007e-01
4.778690394056437363e-01
4.773713770954167712e-01
4.770104198332357215e-01
4.766053239639614358e-01
4.761116112322100746e-01
4.745952747501721025e-01
4.744178369896849823e-01
4.731373618301518147e-01
4.725229160878367529e-01
4.712577448005142444e-01
4.706939020144746966e-01
4.696152768677483436e-01
4.689288520157965934e-01
4.679048587211229737e-01
4.673953818217533862e-01
4.661710130458847634e-01
4.647477780185900187e-01
4.637509871174364529e-01
4.624318975354864691e-01
4.612461860126576552e-01
4.600291766930427739e-01
4.577034711114470467e-01
6.965952846695967482e-01
6.904812372200321846e-01
6.842586523096687579e-01
6.778121950507888238e-01
6.717973237126754205e-01
6.658171433110102733e-01
6.603536503555855752e-01
6.547888203147547159e-01
6.491347231368996828e-01
6.435139324053087417e-01
6.381451483836895200e-01
6.333314467819805005e-01
6.283152853807238980e-01
6.233158871706887538e-01
6.183357996321091621e-01
6.137619833490828292e-01
6.091002300483582266e-01
6.044514336652874187e-01
5.997281216360473843e-01
5.952018337878750565e-01
5.908625803126650311e-01
5.862814235255642270e-01
5.822156014683259606e-01
5.775910327678444034e-01
5.737026286870459124e-01
5.693537331937840174e-01
5.652527197317216423e-01
5.613864324264238315e-01
5.575986352874046093e-01
5.536042469572806102e-01
5.496947386937681701e-01
5.459347960779907805e-01
5.425165783030559963e-01
5.387713996510207215e-01
5.352941711488525822e-01
5.317585576751814314e-01
5.284149366078346732e-01
5.250134591283429630e-01
5.216180477234348967e-01
5.183457629317105297e-01
5.150209224200326119e-01
5.118151740573618769e-01
5.103174827073673203e-01
5.087234567841919519e-01
5.071443279771554735e-01
5.053115967845228651e-01
5.037109335804942356e-01
5.022833138538096431e-01
5.008678080939651389e-01
4.978672620576518049e-01
4.948698474651628820e-01
4.918272600842895637e-01
4.899112680761718019e-01
4.886948264153939681e-01
4.879210608453842246e-01
4.867194043150108174e-01
4.858597096567793261e-01
4.848624894120799333e-01
4.839184643814631315e-01
4.830735580434673548e-01
4.821865150151413149e-01
4.812580651989624148e-01
4.800131567947533706e-01
4.792342839661996590e-01
4.784137300879980903e-01
4.776426356197314149e-01
4.768302492257084357e-01
4.759324609131568851e-01
4.742848897329217661e-01
4.725229160878367529e-01
4.700027235896605537e-01
4.673106313809508028e-01
4.647477780185900187e-01
4.624318975354864691e-01
4.599483863443717402e-01
4.589421007301990318e-01
4.576239050051226220e-01
5.770306891858987264e-01
5.727623110183142074e-01
5.687405235382606561e-01
5.646526889731868781e-01
5.607986525804560252e-01
5.569508285952667892e-01
5.531109787218537743e-01
5.491429919354339217e-01
5.455292858939287948e-01
5.419200229500048538e-01
5.383816806091411555e-01
5.347211736946567706e-01
5.315086952888016247e-01
5.280473165632270094e-01
5.243530231889068638e-01
5.211467689047826202e-01
5.178833200386057101e-01
5.147939827624974374e-01
5.114812102806850502e-01
5.101518857812697982e-01
5.082863569848824481e-01
5.069276732550372921e-01
5.052579943844356380e-01
5.038171698435078838e-01
5.022306727500595036e-01
5.008678080939651389e-01
4.978160021178510419e-01
4.948195111249794609e-01
4.917778498711876667e-01
4.899112680761718019e-01
4.888888459192472502e-01
4.879210608453842246e-01
4.870069888924729029e-01
4.858120828336142671e-01
4.850519608786727499e-01
4.843897842507453588e-01
4.831672171730793108e-01
4.821865150151413149e-01
4.811192616213671447e-01
4.801050397811011394e-01
4.792342839661996590e-01
4.783228184306823616e-01
4.774165546263976490e-01
4.767402407576808443e-01
4.757535134974631985e-01
4.739751153916138549e-01
4.723478012058898723e-01
4.697443188453431784e-01
4.671835924826544528e-01
4.645395809374476270e-01
4.622268092220026547e-01
4.599887761743095549e-01
4.573457514953286895e-01
1.302283689986885706e+00
1.302283689986885706e+00
1.302283689986885706e+00
1.302283689986885706e+00
1.302283689986885706e+00
1.174541585880789274e+00
1.174541585880789274e+00
1.174541585880789274e+00
1.174541585880789274e+00
1.174541585880789274e+00
1.174541585880789274e+00
1.174541585880789274e+00
1.174541585880789274e+00
1.174541585880789274e+00
1.174541585880789274e+00
1.174541585880789274e+00
9.628311891504601761e-01
9.628311891504601761e-01
9.628311891504601761e-01
9.628311891504601761e-01
9.628311891504601761e-01
9.628311891504601761e-01
9.628311891504601761e-01
9.628311891504601761e-01
9.628311891504601761e-01
9.628311891504601761e-01
9.628311891504601761e-01
9.628311891504601761e-01
9.628311891504601761e-01
9.628311891504601761e-01
9.628311891504601761e-01
9.628311891504601761e-01
8.252908132514639172e-01
8.252908132514639172e-01
8.252908132514639172e-01
8.252908132514639172e-01
8.252908132514639172e-01
8.252908132514639172e-01
8.252908132514639172e-01
8.252908132514639172e-01
8.252908132514639172e-01
8.252908132514639172e-01
8.252908132514639172e-01
8.252908132514639172e-01
8.252908132514639172e-01
8.252908132514639172e-01
8.252908132514639172e-01
8.252908132514639172e-01
7.488330954916094795e-01
7.488330954916094795e-01
7.488330954916094795e-01
7.488330954916094795e-01
7.488330954916094795e-01
7.488330954916094795e-01
7.488330954916094795e-01
7.488330954916094795e-01
7.488330954916094795e-01
7.488330954916094795e-01
7.488330954916094795e-01
7.488330954916094795e-01
7.488330954916094795e-01
7.488330954916094795e-01
7.488330954916094795e-01
7.488330954916094795e-01
7.488330954916094795e-01
7.488330954916094795e-01
6.758749980114685529e-01
6.758749980114685529e-01
6.758749980114685529e-01
6.758749980114685529e-01
6.758749980114685529e-01
6.758749980114685529e-01
6.758749980114685529e-01
6.758749980114685529e-01
6.758749980114685529e-01
6.758749980114685529e-01
6.758749980114685529e-01
6.758749980114685529e-01
6.758749980114685529e-01
6.758749980114685529e-01
6.758749980114685529e-01
6.758749980114685529e-01
6.758749980114685529e-01
6.758749980114685529e-01
6.758749980114685529e-01
6.758749980114685529e-01
6.758749980114685529e-01
6.758749980114685529e-01
6.758749980114685529e-01
6.758749980114685529e-01
6.758749980114685529e-01
6.758749980114685529e-01
6.758749980114685529e-01
6.758749980114685529e-01
6.758749980114685529e-01
6.758749980114685529e-01
6.758749980114685529e-01
6.758749980114685529e-01
6.758749980114685529e-01
6.758749980114685529e-01
6.758749980114685529e-01
6.758749980114685529e-01
5.773506851505246784e-01
5.773506851505246784e-01
5.773506851505246784e-01
5.773506851505246784e-01
5.773506851505246784e-01
5.773506851505246784e-01
5.773506851505246784e-01
5.773506851505246784e-01
5.773506851505246784e-01
5.773506851505246784e-01
5.773506851505246784e-01
5.773506851505246784e-01
5.773506851505246784e-01
5.773506851505246784e-01
5.773506851505246784e-01
5.773506851505246784e-01
5.773506851505246784e-01
5.773506851505246784e-01
5.256764053017045635e-01
5.256764053017045635e-01
5.256764053017045635e-01
5.256764053017045635e-01
5.256764053017045635e-01
5.256764053017045635e-01
5.256764053017045635e-01
5.256764053017045635e-01
5.256764053017045635e-01
5.256764053017045635e-01
5.256764053017045635e-01
5.256764053017045635e-01
5.256764053017045635e-01
5.256764053017045635e-01
5.256764053017045635e-01
5.256764053017045635e-01
5.256764053017045635e-01
5.256764053017045635e-01
4.679048587211229737e-01
4.679048587211229737e-01
4.679048587211229737e-01
4.679048587211229737e-01
4.679048587211229737e-01
4.679048587211229737e-01
4.679048587211229737e-01
4.679048587211229737e-01
4.679048587211229737e-01
4.679048587211229737e-01
4.679048587211229737e-01
4.679048587211229737e-01
4.679048587211229737e-01
4.679048587211229737e-01
4.679048587211229737e-01
4.679048587211229737e-01
4.679048587211229737e-01
4.679048587211229737e-01
1.316336875713774779e+00
1.316336875713774779e+00
1.316336875713774779e+00
1.316336875713774779e+00
1.316336875713774779e+00
1.184125054420779088e+00
1.184125054420779088e+00
1.184125054420779088e+00
1.184125054420779088e+00
1.184125054420779088e+00
1.184125054420779088e+00
1.184125054420779088e+00
1.184125054420779088e+00
1.184125054420779088e+00
9.673305817293085251e-01
9.673305817293085251e-01
9.673305817293085251e-01
9.673305817293085251e-01
9.673305817293085251e-01
9.673305817293085251e-01
9.673305817293085251e-01
9.673305817293085251e-01
9.673305817293085251e-01
9.673305817293085251e-01
9.673305817293085251e-01
9.673305817293085251e-01
9.673305817293085251e-01
9.673305817293085251e-01
8.274081195567163372e-01
8.274081195567163372e-01
8.274081195567163372e-01
8.274081195567163372e-01
8.274081195567163372e-01
8.274081195567163372e-01
8.274081195567163372e-01
8.274081195567163372e-01
8.274081195567163372e-01
8.274081195567163372e-01
8.274081195567163372e-01
8.274081195567163372e-01
8.274081195567163372e-01
8.274081195567163372e-01
7.502369647696425226e-01
7.502369647696425226e-01
7.502369647696425226e-01
7.502369647696425226e-01
7.502369647696425226e-01
7.502369647696425226e-01
7.502369647696425226e-01
7.502369647696425226e-01
7.502369647696425226e-01
7.502369647696425226e-01
7.502369647696425226e-01
7.502369647696425226e-01
7.502369647696425226e-01
7.502369647696425226e-01
7.502369647696425226e-01
7.502369647696425226e-01
6.769060953338631448e-01
6.769060953338631448e-01
6.769060953338631448e-01
6.769060953338631448e-01
6.769060953338631448e-01
6.769060953338631448e-01
6.769060953338631448e-01
6.769060953338631448e-01
6.769060953338631448e-01
6.769060953338631448e-01
6.769060953338631448e-01
6.769060953338631448e-01
6.769060953338631448e-01
6.769060953338631448e-01
6.769060953338631448e-01
6.769060953338631448e-01
6.769060953338631448e-01
6.769060953338631448e-01
6.769060953338631448e-01
6.769060953338631448e-01
6.769060953338631448e-01
6.769060953338631448e-01
6.769060953338631448e-01
6.769060953338631448e-01
6.769060953338631448e-01
6.769060953338631448e-01
6.769060953338631448e-01
6.769060953338631448e-01
6.769060953338631448e-01
6.769060953338631448e-01
6.769060953338631448e-01
6.769060953338631448e-01
5.778316816342359274e-01
5.778316816342359274e-01
5.778316816342359274e-01
5.778316816342359274e-01
5.778316816342359274e-01
5.778316816342359274e-01
5.778316816342359274e-01
5.778316816342359274e-01
5.778316816342359274e-01
5.778316816342359274e-01
5.778316816342359274e-01
5.778316816342359274e-01
5.778316816342359274e-01
5.778316816342359274e-01
5.778316816342359274e-01
5.778316816342359274e-01
5.259785786046240474e-01
5.259785786046240474e-01
5.259785786046240474e-01
5.259785786046240474e-01
5.259785786046240474e-01
5.259785786046240474e-01
5.259785786046240474e-01
5.259785786046240474e-01
5.259785786046240474e-01
5.259785786046240474e-01
5.259785786046240474e-01
5.259785786046240474e-01
5.259785786046240474e-01
5.259785786046240474e-01
5.259785786046240474e-01
5.259785786046240474e-01
4.680750565146755138e-01
4.680750565146755138e-01
4.680750565146755138e-01
4.680750565146755138e-01
4.680750565146755138e-01
4.680750565146755138e-01
4.680750565146755138e-01
4.680750565146755138e-01
4.680750565146755138e-01
4.680750565146755138e-01
4.680750565146755138e-01
4.680750565146755138e-01
4.680750565146755138e-01
4.680750565146755138e-01
4.680750565146755138e-01
4.680750565146755138e-01
1.330855313667202111e+00
1.330855313667202111e+00
1.330855313667202111e+00
1.330855313667202111e+00
1.330855313667202111e+00
1.330855313667202111e+00
1.330855313667202111e+00
1.193947162001818496e+00
1.193947162001818496e+00
1.193947162001818496e+00
1.193947162001818496e+00
1.193947162001818496e+00
1.193947162001818496e+00
1.193947162001818496e+00
1.193947162001818496e+00
1.193947162001818496e+00
9.715109795016870775e-01
9.715109795016870775e-01
9.715109795016870775e-01
9.715109795016870775e-01
9.715109795016870775e-01
9.715109795016870775e-01
9.715109795016870775e-01
9.715109795016870775e-01
9.715109795016870775e-01
9.715109795016870775e-01
9.715109795016870775e-01
9.715109795016870775e-01
9.715109795016870775e-01
9.715109795016870775e-01
9.715109795016870775e-01
8.295418282002884336e-01
8.295418282002884336e-01
8.295418282002884336e-01
8.295418282002884336e-01
8.295418282002884336e-01
8.295418282002884336e-01
8.295418282002884336e-01
8.295418282002884336e-01
8.295418282002884336e-01
8.295418282002884336e-01
8.295418282002884336e-01
8.295418282002884336e-01
8.295418282002884336e-01
8.295418282002884336e-01
8.295418282002884336e-01
8.295418282002884336e-01
7.518258103907039525e-01
7.518258103907039525e-01
7.518258103907039525e-01
7.518258103907039525e-01
7.518258103907039525e-01
7.518258103907039525e-01
7.518258103907039525e-01
7.518258103907039525e-01
7.518258103907039525e-01
7.518258103907039525e-01
7.518258103907039525e-01
7.518258103907039525e-01
7.518258103907039525e-01
7.518258103907039525e-01
7.518258103907039525e-01
7.518258103907039525e-01
7.518258103907039525e-01
7.518258103907039525e-01
6.778121950507888238e-01
6.778121950507888238e-01
6.778121950507888238e-01
6.778121950507888238e-01
6.778121950507888238e-01
6.778121950507888238e-01
6.778121950507888238e-01
6.778121950507888238e-01
6.778121950507888238e-01
6.778121950507888238e-01
6.778121950507888238e-01
6.778121950507888238e-01
6.778121950507888238e-01
6.778121950507888238e-01
6.778121950507888238e-01
6.778121950507888238e-01
6.778121950507888238e-01
6.778121950507888238e-01
6.778121950507888238e-01
6.778121950507888238e-01
6.778121950507888238e-01
6.778121950507888238e-01
6.778121950507888238e-01
6.778121950507888238e-01
6.778121950507888238e-01
6.778121950507888238e-01
6.778121950507888238e-01
6.778121950507888238e-01
6.778121950507888238e-01
6.778121950507888238e-01
6.778121950507888238e-01
6.778121950507888238e-01
6.778121950507888238e-01
6.778121950507888238e-01
6.778121950507888238e-01
6.778121950507888238e-01
5.783138856340053202e-01
5.783138856340053202e-01
5.783138856340053202e-01
5.783138856340053202e-01
5.783138856340053202e-01
5.783138856340053202e-01
5.783138856340053202e-01
5.783138856340053202e-01
5.783138856340053202e-01
5.783138856340053202e-01
5.783138856340053202e-01
5.783138856340053202e-01
5.783138856340053202e-01
5.783138856340053202e-01
5.783138856340053202e-01
5.783138856340053202e-01
5.783138856340053202e-01
5.783138856340053202e-01
5.262812753464606308e-01
5.262812753464606308e-01
5.262812753464606308e-01
5.262812753464606308e-01
5.262812753464606308e-01
5.262812753464606308e-01
5.262812753464606308e-01
5.262812753464606308e-01
5.262812753464606308e-01
5.262812753464606308e-01
5.262812753464606308e-01
5.262812753464606308e-01
5.262812753464606308e-01
5.262812753464606308e-01
5.262812753464606308e-01
5.262812753464606308e-01
5.262812753464606308e-01
5.262812753464606308e-01
5.262812753464606308e-01
4.682880662682759043e-01
4.682880662682759043e-01
4.682880662682759043e-01
4.682880662682759043e-01
4.682880662682759043e-01
4.682880662682759043e-01
4.682880662682759043e-01
4.682880662682759043e-01
4.682880662682759043e-01
4.682880662682759043e-01
4.682880662682759043e-01
4.682880662682759043e-01
4.682880662682759043e-01
4.682880662682759043e-01
4.682880662682759043e-01
4.682880662682759043e-01
4.682880662682759043e-01
4.682880662682759043e-01
4.682880662682759043e-01
