5.319479313854919011e-02
5.319479313854919011e-02
5.319479313854919011e-02
5.319479313854919011e-02
5.319479313854919011e-02
6.661291192242013715e-02
6.661291192242013715e-02
6.661291192242013715e-02
6.661291192242013715e-02
6.661291192242013715e-02
6.661291192242013715e-02
6.661291192242013715e-02
6.661291192242013715e-02
6.661291192242013715e-02
6.661291192242013715e-02
6.661291192242013715e-02
1.027551869240227733e-01
1.027551869240227733e-01
1.027551869240227733e-01
1.027551869240227733e-01
1.027551869240227733e-01
1.027551869240227733e-01
1.027551869240227733e-01
1.027551869240227733e-01
1.027551869240227733e-01
1.027551869240227733e-01
1.027551869240227733e-01
1.027551869240227733e-01
1.027551869240227733e-01
1.027551869240227733e-01
1.027551869240227733e-01
1.027551869240227733e-01
1.427157851146999556e-01
1.427157851146999556e-01
1.427157851146999556e-01
1.427157851146999556e-01
1.427157851146999556e-01
1.427157851146999556e-01
1.427157851146999556e-01
1.427157851146999556e-01
1.427157851146999556e-01
1.427157851146999556e-01
1.427157851146999556e-01
1.427157851146999556e-01
1.427157851146999556e-01
1.427157851146999556e-01
1.427157851146999556e-01
1.427157851146999556e-01
1.742959353731373673e-01
1.742959353731373673e-01
1.742959353731373673e-01
1.742959353731373673e-01
1.742959353731373673e-01
1.742959353731373673e-01
1.742959353731373673e-01
1.742959353731373673e-01
1.742959353731373673e-01
1.742959353731373673e-01
1.742959353731373673e-01
1.742959353731373673e-01
1.742959353731373673e-01
1.742959353731373673e-01
1.742959353731373673e-01
1.742959353731373673e-01
1.742959353731373673e-01
1.742959353731373673e-01
2.134112017943328721e-01
2.134112017943328721e-01
2.134112017943328721e-01
2.134112017943328721e-01
2.134112017943328721e-01
2.134112017943328721e-01
2.134112017943328721e-01
2.134112017943328721e-01
2.134112017943328721e-01
2.134112017943328721e-01
2.134112017943328721e-01
2.134112017943328721e-01
2.134112017943328721e-01
2.134112017943328721e-01
2.134112017943328721e-01
2.134112017943328721e-01
2.134112017943328721e-01
2.134112017943328721e-01
2.134112017943328721e-01
2.134112017943328721e-01
2.134112017943328721e-01
2.134112017943328721e-01
2.134112017943328721e-01
2.134112017943328721e-01
2.134112017943328721e-01
2.134112017943328721e-01
2.134112017943328721e-01
2.134112017943328721e-01
2.134112017943328721e-01
2.134112017943328721e-01
2.134112017943328721e-01
2.134112017943328721e-01
2.134112017943328721e-01
2.134112017943328721e-01
2.134112017943328721e-01
2.134112017943328721e-01
2.856256485241612242e-01
2.856256485241612242e-01
2.856256485241612242e-01
2.856256485241612242e-01
2.856256485241612242e-01
2.856256485241612242e-01
2.856256485241612242e-01
2.856256485241612242e-01
2.856256485241612242e-01
2.856256485241612242e-01
2.856256485241612242e-01
2.856256485241612242e-01
2.856256485241612242e-01
2.856256485241612242e-01
2.856256485241612242e-01
2.856256485241612242e-01
2.856256485241612242e-01
2.856256485241612242e-01
3.355417394958609689e-01
3.355417394958609689e-01
3.355417394958609689e-01
3.355417394958609689e-01
3.355417394958609689e-01
3.355417394958609689e-01
3.355417394958609689e-01
3.355417394958609689e-01
3.355417394958609689e-01
3.355417394958609689e-01
3.355417394958609689e-01
3.355417394958609689e-01
3.355417394958609689e-01
3.355417394958609689e-01
3.355417394958609689e-01
3.355417394958609689e-01
3.355417394958609689e-01
3.355417394958609689e-01
4.044368321064020222e-01
4.044368321064020222e-01
4.044368321064020222e-01
4.044368321064020222e-01
4.044368321064020222e-01
4.044368321064020222e-01
4.044368321064020222e-01
4.044368321064020222e-01
4.044368321064020222e-01
4.044368321064020222e-01
4.044368321064020222e-01
4.044368321064020222e-01
4.044368321064020222e-01
4.044368321064020222e-01
4.044368321064020222e-01
4.044368321064020222e-01
4.044368321064020222e-01
4.044368321064020222e-01
5.197056159703927758e-02
5.197056159703927758e-02
5.197056159703927758e-02
5.197056159703927758e-02
5.197056159703927758e-02
6.544073672125710894e-02
6.544073672125710894e-02
6.544073672125710894e-02
6.544073672125710894e-02
6.544073672125710894e-02
6.544073672125710894e-02
6.544073672125710894e-02
6.544073672125710894e-02
6.544073672125710894e-02
1.017234790255873156e-01
1.017234790255873156e-01
1.017234790255873156e-01
1.017234790255873156e-01
1.017234790255873156e-01
1.017234790255873156e-01
1.017234790255873156e-01
1.017234790255873156e-01
1.017234790255873156e-01
1.017234790255873156e-01
1.017234790255873156e-01
1.017234790255873156e-01
1.017234790255873156e-01
1.017234790255873156e-01
1.419532168471026590e-01
1.419532168471026590e-01
1.419532168471026590e-01
1.419532168471026590e-01
1.419532168471026590e-01
1.419532168471026590e-01
1.419532168471026590e-01
1.419532168471026590e-01
1.419532168471026590e-01
1.419532168471026590e-01
1.419532168471026590e-01
1.419532168471026590e-01
1.419532168471026590e-01
1.419532168471026590e-01
1.736377113231770686e-01
1.736377113231770686e-01
1.736377113231770686e-01
1.736377113231770686e-01
1.736377113231770686e-01
1.736377113231770686e-01
1.736377113231770686e-01
1.736377113231770686e-01
1.736377113231770686e-01
1.736377113231770686e-01
1.736377113231770686e-01
1.736377113231770686e-01
1.736377113231770686e-01
1.736377113231770686e-01
1.736377113231770686e-01
1.736377113231770686e-01
2.127844809865496734e-01
2.127844809865496734e-01
2.127844809865496734e-01
2.127844809865496734e-01
2.127844809865496734e-01
2.127844809865496734e-01
2.127844809865496734e-01
2.127844809865496734e-01
2.127844809865496734e-01
2.127844809865496734e-01
2.127844809865496734e-01
2.127844809865496734e-01
2.127844809865496734e-01
2.127844809865496734e-01
2.127844809865496734e-01
2.127844809865496734e-01
2.127844809865496734e-01
2.127844809865496734e-01
2.127844809865496734e-01
2.127844809865496734e-01
2.127844809865496734e-01
2.127844809865496734e-01
2.127844809865496734e-01
2.127844809865496734e-01
2.127844809865496734e-01
2.127844809865496734e-01
2.127844809865496734e-01
2.127844809865496734e-01
2.127844809865496734e-01
2.127844809865496734e-01
2.127844809865496734e-01
2.127844809865496734e-01
2.852052808634049641e-01
2.852052808634049641e-01
2.852052808634049641e-01
2.852052808634049641e-01
2.852052808634049641e-01
2.852052808634049641e-01
2.852052808634049641e-01
2.852052808634049641e-01
2.852052808634049641e-01
2.852052808634049641e-01
2.852052808634049641e-01
2.852052808634049641e-01
2.852052808634049641e-01
2.852052808634049641e-01
2.852052808634049641e-01
2.852052808634049641e-01
3.352203821055815824e-01
3.352203821055815824e-01
3.352203821055815824e-01
3.352203821055815824e-01
3.352203821055815824e-01
3.352203821055815824e-01
3.352203821055815824e-01
3.352203821055815824e-01
3.352203821055815824e-01
3.352203821055815824e-01
3.352203821055815824e-01
3.352203821055815824e-01
3.352203821055815824e-01
3.352203821055815824e-01
3.352203821055815824e-01
3.352203821055815824e-01
4.042101457777095286e-01
4.042101457777095286e-01
4.042101457777095286e-01
4.042101457777095286e-01
4.042101457777095286e-01
4.042101457777095286e-01
4.042101457777095286e-01
4.042101457777095286e-01
4.042101457777095286e-01
4.042101457777095286e-01
4.042101457777095286e-01
4.042101457777095286e-01
4.042101457777095286e-01
4.042101457777095286e-01
4.042101457777095286e-01
4.042101457777095286e-01
5.074981862487459860e-02
5.074981862487459860e-02
5.074981862487459860e-02
5.074981862487459860e-02
5.074981862487459860e-02
5.074981862487459860e-02
5.074981862487459860e-02
6.427069202195531683e-02
6.427069202195531683e-02
6.427069202195531683e-02
6.427069202195531683e-02
6.427069202195531683e-02
6.427069202195531683e-02
6.427069202195531683e-02
6.427069202195531683e-02
6.427069202195531683e-02
1.007778453699736398e-01
1.007778453699736398e-01
1.007778453699736398e-01
1.007778453699736398e-01
1.007778453699736398e-01
1.007778453699736398e-01
1.007778453699736398e-01
1.007778453699736398e-01
1.007778453699736398e-01
1.007778453699736398e-01
1.007778453699736398e-01
1.007778453699736398e-01
1.007778453699736398e-01
1.007778453699736398e-01
1.007778453699736398e-01
1.411902272426313054e-01
1.411902272426313054e-01
1.411902272426313054e-01
1.411902272426313054e-01
1.411902272426313054e-01
1.411902272426313054e-01
1.411902272426313054e-01
1.411902272426313054e-01
1.411902272426313054e-01
1.411902272426313054e-01
1.411902272426313054e-01
1.411902272426313054e-01
1.411902272426313054e-01
1.411902272426313054e-01
1.411902272426313054e-01
1.411902272426313054e-01
1.728966413734392416e-01
1.728966413734392416e-01
1.728966413734392416e-01
1.728966413734392416e-01
1.728966413734392416e-01
1.728966413734392416e-01
1.728966413734392416e-01
1.728966413734392416e-01
1.728966413734392416e-01
1.728966413734392416e-01
1.728966413734392416e-01
1.728966413734392416e-01
1.728966413734392416e-01
1.728966413734392416e-01
1.728966413734392416e-01
1.728966413734392416e-01
1.728966413734392416e-01
1.728966413734392416e-01
2.122356544009997292e-01
2.122356544009997292e-01
2.122356544009997292e-01
2.122356544009997292e-01
2.122356544009997292e-01
2.122356544009997292e-01
2.122356544009997292e-01
2.122356544009997292e-01
2.122356544009997292e-01
2.122356544009997292e-01
2.122356544009997292e-01
2.122356544009997292e-01
2.122356544009997292e-01
2.122356544009997292e-01
2.122356544009997292e-01
2.122356544009997292e-01
2.122356544009997292e-01
2.122356544009997292e-01
2.122356544009997292e-01
2.122356544009997292e-01
2.122356544009997292e-01
2.122356544009997292e-01
2.122356544009997292e-01
2.122356544009997292e-01
2.122356544009997292e-01
2.122356544009997292e-01
2.122356544009997292e-01
2.122356544009997292e-01
2.122356544009997292e-01
2.122356544009997292e-01
2.122356544009997292e-01
2.122356544009997292e-01
2.122356544009997292e-01
2.122356544009997292e-01
2.122356544009997292e-01
2.122356544009997292e-01
2.847846182068199394e-01
2.847846182068199394e-01
2.847846182068199394e-01
2.847846182068199394e-01
2.847846182068199394e-01
2.847846182068199394e-01
2.847846182068199394e-01
2.847846182068199394e-01
2.847846182068199394e-01
2.847846182068199394e-01
2.847846182068199394e-01
2.847846182068199394e-01
2.847846182068199394e-01
2.847846182068199394e-01
2.847846182068199394e-01
2.847846182068199394e-01
2.847846182068199394e-01
2.847846182068199394e-01
3.348988412429372286e-01
3.348988412429372286e-01
3.348988412429372286e-01
3.348988412429372286e-01
3.348988412429372286e-01
3.348988412429372286e-01
3.348988412429372286e-01
3.348988412429372286e-01
3.348988412429372286e-01
3.348988412429372286e-01
3.348988412429372286e-01
3.348988412429372286e-01
3.348988412429372286e-01
3.348988412429372286e-01
3.348988412429372286e-01
3.348988412429372286e-01
3.348988412429372286e-01
3.348988412429372286e-01
3.348988412429372286e-01
4.039266529140834172e-01
4.039266529140834172e-01
4.039266529140834172e-01
4.039266529140834172e-01
4.039266529140834172e-01
4.039266529140834172e-01
4.039266529140834172e-01
4.039266529140834172e-01
4.039266529140834172e-01
4.039266529140834172e-01
4.039266529140834172e-01
4.039266529140834172e-01
4.039266529140834172e-01
4.039266529140834172e-01
4.039266529140834172e-01
4.039266529140834172e-01
4.039266529140834172e-01
4.039266529140834172e-01
4.039266529140834172e-01
