3.940480898427844991e-02
4.101976077662650155e-02
4.276587146212307289e-02
4.449839844679415179e-02
4.636549749363694239e-02
4.799038023003721065e-02
4.990138657146547807e-02
5.171827234742298884e-02
5.179601856190796383e-02
5.367228035090465532e-02
5.760281129090794039e-02
5.941532933483562040e-02
6.544199213791235259e-02
6.740126921161393447e-02
6.740126921161393447e-02
6.941756511462005008e-02
7.149133658722517382e-02
7.161879852304275929e-02
7.392267394540175118e-02
7.594230013197611484e-02
7.827869440092971587e-02
8.054414450352442856e-02
8.273637993499294296e-02
8.511878174896558846e-02
8.671531037094304395e-02
8.921150002360267450e-02
9.154278174932706236e-02
9.388648867613258453e-02
9.646930151066102077e-02
9.892894564342880059e-02
1.014005413060452554e-01
1.038836405136551733e-01
1.070262019914003382e-01
1.091150836020036152e-01
1.117244561044343776e-01
1.143912509655944376e-01
1.171155881955927569e-01
1.197086272171525856e-01
1.224528281781931405e-01
1.250163836951996288e-01
1.278264006291358612e-01
1.305019557661177831e-01
1.334253245862957460e-01
1.347221384199106531e-01
1.361650419232161013e-01
1.391052405079173937e-01
1.391052405079173937e-01
1.417632036742189072e-01
1.446214839486155146e-01
1.475353140603001822e-01
1.505534386678992753e-01
1.517724037647358859e-01
1.524067028950488734e-01
1.527483709636892062e-01
1.534808024966209938e-01
1.538227361149486772e-01
1.543113573831091934e-01
1.563653947334153749e-01
1.575894077788044800e-01
1.581282906835186353e-01
1.584713158466015681e-01
1.587653986958970087e-01
1.594027708101317664e-01
1.602857165382916005e-01
1.615128460306713976e-01
1.622495715058325239e-01
1.630849262874607408e-01
1.637731797358943364e-01
1.643633342878318970e-01
1.649536923913119679e-01
1.654950309387803742e-01
1.660857731033975604e-01
1.670707806257627492e-01
1.676127647201268722e-01
1.689437691002495523e-01
1.709667269278336565e-01
1.727447183784196483e-01
1.749199409558672702e-01
1.768498577517232384e-01
1.788310217886759368e-01
1.817563510982265207e-01
1.847845398679874851e-01
1.879157156288249197e-01
3.933353841033038201e-02
4.019163640007228366e-02
4.040712697233095341e-02
4.178074268576947858e-02
4.357407664463686103e-02
4.535423991285658651e-02
4.715686380434624958e-02
4.909597875915960863e-02
5.086537819324554732e-02
5.273167914377907550e-02
5.469674942621782776e-02
5.656284025212476863e-02
5.864812320018053526e-02
6.051032152940916120e-02
6.255250207897322667e-02
6.461288090681627239e-02
6.656569068612316897e-02
6.882790746256883807e-02
7.093965791721368319e-02
7.315272047699128422e-02
7.538236586425872687e-02
7.758468312167998704e-02
7.984548719509509951e-02
8.212120614828588572e-02
8.432297507575059470e-02
8.556160876853602382e-02
8.689310161066510219e-02
8.894332616420874693e-02
9.028590340211950505e-02
9.136300550765930062e-02
9.271311011207483688e-02
9.497226708305817056e-02
9.606055508233413143e-02
9.756097188274437393e-02
9.865505331173540782e-02
9.993447502666352733e-02
1.013087928713272134e-01
1.025027468470010028e-01
1.048984713796146107e-01
1.074897733699136104e-01
1.099991977954504208e-01
1.126121960577228798e-01
1.152355949153676118e-01
1.178689788031506147e-01
1.205119462153283472e-01
1.232115505001862843e-01
1.258726882986165307e-01
1.287332771066420634e-01
1.322740623888052358e-01
1.351547905539425276e-01
1.379474515562542081e-01
1.404575793280233853e-01
1.437971864912441777e-01
1.465146799361431995e-01
1.493355995284573190e-01
1.511384028281308467e-01
1.532366155741169411e-01
1.552402019741296879e-01
1.561207136774509507e-01
1.571486470892509146e-01
1.581772895480242358e-01
1.590105107242707483e-01
1.602366509961830054e-01
1.611691551327554262e-01
1.620039594142936856e-01
1.628883343724745192e-01
1.638715245994017966e-01
1.648060839019402923e-01
1.657903772324589298e-01
1.676127647201268722e-01
1.697329607969342291e-01
1.714604532197645526e-01
1.733871586062838421e-01
1.755630539838339832e-01
1.774935436480551409e-01
1.803676076187172850e-01
1.831458866688346898e-01
1.860266332756288499e-01
3.887134112955381582e-02
3.887134112955381582e-02
3.976181151953750437e-02
3.994071733229542787e-02
4.069504389855271853e-02
4.149030115145513342e-02
4.232710995822808187e-02
4.313262930701333708e-02
4.394305658038533124e-02
4.494427624979158153e-02
4.569054241859005216e-02
4.647829264011571482e-02
4.738373595007239203e-02
4.837074447340450334e-02
4.917251166866032364e-02
5.001677026854922659e-02
5.094273784996539156e-02
5.199053651753993144e-02
5.199053651753993144e-02
5.284898572360807734e-02
5.386885351559156376e-02
5.481532012513112839e-02
5.588579170166285692e-02
5.676241552703942261e-02
5.788371989277507623e-02
5.893045389522511002e-02
6.059165159601986872e-02
6.059165159601986872e-02
6.165166423068169088e-02
6.267561772261909248e-02
6.358045487246943850e-02
6.453012397885338203e-02
6.652398303514250877e-02
6.660740515435148446e-02
6.761058561952171253e-02
6.878583820710826302e-02
6.983953109261009651e-02
7.085487933361234170e-02
7.187389195421745036e-02
7.298188866350852066e-02
7.405119098173007508e-02
7.516727237394071892e-02
7.620106623194944362e-02
7.749803426313017773e-02
7.840898311201849324e-02
7.971464566984121092e-02
8.076276202539744986e-02
8.190175348033323921e-02
8.295633572849325788e-02
8.419050202313282938e-02
8.534013200586731962e-02
8.538441725192091880e-02
8.653759837651797682e-02
8.894332616420874693e-02
9.127314501899252974e-02
9.347997744280700516e-02
9.610595425596413222e-02
9.856378876134219702e-02
1.011253434260381834e-01
1.036071861184857390e-01
1.061926864820066374e-01
1.086502668820339412e-01
1.111644025453140117e-01
1.138757766283902129e-01
1.165980907181065618e-01
1.191420944895873468e-01
1.218842637567347786e-01
1.245410405634186368e-01
1.272064488282025341e-01
1.298801325268914564e-01
1.329454632797673064e-01
1.346260191951786922e-01
1.357319526343587768e-01
1.375136092281807887e-01
1.383332402480608181e-01
1.392017799157199143e-01
1.401193364802084673e-01
1.412310971631585144e-01
1.418599775033055899e-01
1.432156800741484215e-01
1.440880488305953389e-01
1.458347287657759672e-01
1.468062035386572539e-01
1.485567842167279107e-01
1.495303771623008871e-01
1.516260692716924208e-01
1.529436480666401810e-01
1.545557314489101053e-01
1.551913003722109607e-01
1.566590657737143566e-01
1.574914497557811099e-01
1.584223075284587612e-01
1.593046964905524554e-01
1.604819939051416178e-01
1.621513222541548505e-01
1.633306987223717144e-01
1.642649610012263395e-01
1.653965932379199977e-01
1.661842493644725138e-01
1.681549099367576350e-01
1.701770254215257960e-01
1.721024824061281322e-01
1.739803594745974458e-01
1.760083995088277398e-01
1.791283460578392273e-01
1.819051924228785033e-01
1.846851977930838995e-01
1.871201534421014223e-01
3.969032457830579119e-02
3.983334156532181147e-02
4.138155770870799444e-02
4.494427624979158153e-02
4.689260942284434464e-02
4.859940721840461109e-02
5.040196578296995966e-02
5.234121560407367646e-02
5.426263012387777529e-02
5.612448305412853777e-02
5.812480544099152269e-02
6.014470943981353734e-02
6.206069591125906726e-02
6.399289271463937112e-02
6.614892171458297554e-02
6.811362760998163068e-02
7.021985346023429386e-02
7.242736610832345434e-02
7.452288473073886976e-02
7.676244645910701436e-02
7.901766676410559853e-02
8.115661573984156441e-02
8.352883419734280501e-02
8.693756177695677323e-02
8.925621236040415241e-02
9.154278174932706236e-02
9.397687332337678612e-02
9.642386817266035415e-02
9.888328665917800464e-02
1.013546651150087907e-01
1.039758223758129319e-01
1.064703938740299005e-01
1.089756017115859343e-01
1.113976990870706452e-01
1.141100345592156451e-01
1.168803155114881420e-01
1.194253071736031124e-01
1.220737395002606807e-01
1.247311449067827205e-01
1.275402138978236621e-01
1.303105802738389052e-01
1.332333512877674764e-01
1.349624774007134320e-01
1.358281786289929904e-01
1.377546104583533548e-01
1.387674213246881116e-01
1.402642848726007863e-01
1.415696810685309615e-01
1.433125775142831682e-01
1.440880488305953389e-01
1.462717966185886898e-01
1.472436183736052229e-01
1.489948095319937327e-01
1.500661665893894270e-01
1.520651203512473071e-01
1.530412970003225404e-01
1.548979257456470915e-01
1.557782289889204641e-01
1.568548789180805869e-01
1.578343307320675404e-01
1.585693371940801732e-01
1.596479836267112873e-01
1.606292178515145164e-01
1.615128460306713976e-01
1.617583842015826168e-01
1.626426271550107661e-01
1.634290177873318761e-01
1.635273426031793598e-01
1.644125230520820935e-01
1.645109048161375043e-01
1.653965932379199977e-01
1.663319740070621222e-01
1.683520932835136374e-01
1.700289924148346010e-01
1.721518778640773739e-01
1.742770237578259440e-01
1.761568684741767754e-01
1.790787893419527599e-01
1.820044250102781369e-01
1.848838857360508570e-01
3.990491465955958716e-02
4.152656986212344137e-02
4.316936097249146620e-02
4.501872698108311255e-02
4.670414079609463975e-02
4.859940721840461109e-02
5.032485507733319707e-02
5.222424465626351875e-02
5.418380776666831267e-02
5.604488681738617473e-02
5.812480544099152269e-02
5.994185644604232976e-02
6.197883071485588147e-02
6.391034812119400499e-02
6.598240604500293927e-02
6.794584018421745419e-02
6.807167076943376749e-02
6.996624717710187014e-02
7.225695427350764533e-02
7.426550688628319463e-02
7.641686534138880660e-02
7.875666762216892991e-02
8.111283255526435809e-02
8.339664079505171301e-02
8.569455536720793631e-02
8.742694861137412232e-02
8.970359702496910614e-02
9.217257618011065468e-02
9.447430457305050489e-02
9.696934853718630620e-02
9.952288432074984925e-02
1.019054391335247889e-01
1.044830930686408976e-01
1.070262019914003382e-01
1.095337180503128671e-01
1.119579548868019359e-01
1.146725834980957259e-01
1.173509381732711354e-01
1.198975666558261821e-01
1.226898511006193626e-01
1.252541578205419448e-01
1.279695292933771267e-01
1.306455136825845909e-01
1.336653449567188900e-01
1.364057271818062134e-01
1.391052405079173937e-01
1.403126052828080894e-01
1.421019485044805464e-01
1.448155201762089117e-01
1.474866933641476585e-01
1.508458884821339829e-01
1.526019313510702524e-01
1.546046113137884426e-01
1.566590657737143566e-01
1.577853429588060852e-01
1.586183502207163531e-01
1.595989379810338615e-01
1.603838521846789877e-01
1.619548414162208516e-01
1.634781794770143737e-01
1.643141469371243168e-01
1.653965932379199977e-01
1.663812182832340447e-01
1.672185783979054374e-01
1.692889998397533180e-01
1.712629477737199757e-01
1.731400421991662331e-01
1.752167381681757341e-01
1.770974070694135705e-01
1.791283460578392273e-01
1.820044250102781369e-01
1.849335600900101628e-01
1.877168036522902650e-01
3.986912273489262581e-02
4.163543858773643969e-02
4.320610277149139478e-02
4.513047660520941307e-02
4.689260942284434464e-02
4.867570187281344829e-02
5.032485507733319707e-02
5.241923941869108816e-02
5.430205384091268961e-02
5.616429332324224255e-02
5.812480544099152269e-02
6.014470943981353734e-02
6.206069591125906726e-02
6.403417567709857039e-02
6.614892171458297554e-02
6.823953800500603961e-02
7.030444034900629191e-02
7.234214776696790139e-02
7.465165470494339317e-02
7.676244645910701436e-02
7.901766676410559853e-02
8.137561263029802205e-02
8.366107444953474470e-02
8.596058434303577300e-02
8.827364656701419676e-02
9.068950285305543701e-02
9.298362106861635112e-02
9.547075677293381801e-02
9.792539980710146530e-02
1.003921812648163048e-01
1.028706469572717719e-01
1.053603577616852860e-01
1.078608890853229862e-01
1.104650228701462567e-01
1.128927844849125783e-01
1.156581545522841203e-01
1.181988337150854385e-01
1.207483782431106878e-01
1.234013438280405772e-01
1.259678873675813549e-01
1.287810333189540746e-01
1.324178940230171797e-01
1.345779630974082153e-01
1.351547905539425276e-01
1.374172243807607607e-01
1.379474515562542081e-01
1.406992453506201723e-01
1.429734721534519082e-01
1.435063967888778880e-01
1.458347287657759672e-01
1.462717966185886898e-01
1.484594657162550124e-01
1.493355995284573190e-01
1.510896459693882310e-01
1.517724037647358859e-01
1.528948261931721841e-01
1.545557314489101053e-01
1.550935021606110187e-01
1.553380101630370547e-01
1.562185811988412443e-01
1.570017557500047456e-01
1.577853429588060852e-01
1.584223075284587612e-01
1.587653986958970087e-01
1.596479836267112873e-01
1.608746213156906357e-01
1.615128460306713976e-01
1.617583842015826168e-01
1.622986983352878720e-01
1.627409056761530692e-01
1.632815413496919721e-01
1.637240094466800855e-01
1.641665933789373533e-01
1.647076852511759615e-01
1.651013134663765758e-01
1.655442518667844531e-01
1.660857731033975604e-01
1.677606065956185333e-01
1.679577476816163095e-01
1.693876488269050462e-01
1.700783354792549940e-01
1.715098326808257578e-01
1.721518778640773739e-01
1.733871586062838421e-01
1.741781309580019421e-01
1.753651523420263203e-01
1.759589121208149365e-01
1.773945028730874451e-01
1.790787893419527599e-01
1.802684425678100499e-01
1.818555776394426005e-01
1.832948115183663518e-01
1.847845398679874851e-01
1.876670778815610063e-01
3.997653074612372848e-02
4.156284900960516282e-02
4.324285469738242682e-02
4.505596705862524587e-02
4.681719346541779458e-02
4.863754994401014997e-02
5.036340596389554669e-02
5.218527163643837952e-02
5.410501888250518476e-02
5.608468088370299753e-02
5.804441220767175835e-02
5.986076840538734345e-02
6.181518853320433493e-02
6.382783200179842353e-02
6.589918948424244860e-02
6.786198645293706200e-02
6.992400202338910908e-02
7.204407947160884618e-02
7.426550688628319463e-02
7.646004264551775620e-02
7.862624374435922547e-02
8.098151545541343310e-02
8.313239492853430335e-02
8.565023479736000311e-02
8.782779706594068259e-02
9.033072908822648017e-02
9.275818400983615319e-02
9.510816670537169948e-02
9.746990670053090611e-02
1.000259840858066518e-01
1.025946986620855927e-01
1.051293680254021812e-01
1.074897733699136104e-01
1.101389091715851976e-01
1.126589525192893682e-01
1.152825332825841986e-01
1.178218688773600142e-01
1.204646685968213671e-01
1.231641091886643835e-01
1.258250928053556983e-01
1.285900239298098935e-01
1.313157470727894793e-01
1.326097035230451304e-01
1.340014733916805589e-01
1.353952342666859820e-01
1.370317747396663233e-01
1.384779474721158365e-01
1.397811986720507438e-01
1.410860213157829612e-01
1.438941325508582558e-01
1.467576114648063701e-01
1.497251841245061943e-01
1.516260692716924208e-01
1.528460060505520968e-01
1.536273352236907641e-01
1.548490358185579119e-01
1.557293091804841101e-01
1.567569691082197902e-01
1.577363567754741513e-01
1.586183502207163531e-01
1.595498938751982454e-01
1.605310670398432116e-01
1.618566098507758788e-01
1.626917656870667805e-01
1.635765071644981195e-01
1.644125230520820935e-01
1.652981610855557282e-01
1.662827310943864045e-01
1.681056173926163133e-01
1.700783354792549940e-01
1.729423706566237673e-01
1.760578880311287620e-01
1.790787893419527599e-01
1.818555776394426005e-01
1.848838857360508570e-01
1.861260258870938156e-01
1.877665303133508878e-01
8.596058434303577300e-02
8.836287458365754688e-02
9.068950285305543701e-02
9.311893724672737349e-02
9.547075677293381801e-02
9.787983171784730985e-02
1.003463925648468980e-01
1.029626605990845434e-01
1.054065668505965725e-01
1.079072946396788524e-01
1.104184248937571944e-01
1.130799095026882028e-01
1.154703185412677691e-01
1.181045742213422400e-01
1.209848832977495903e-01
1.235437182511831544e-01
1.262059320928574646e-01
1.287810333189540746e-01
1.316031385497300477e-01
1.327535860736541728e-01
1.343857621792210466e-01
1.355876309134116386e-01
1.370799480733677633e-01
1.383814737846389420e-01
1.398294976201666096e-01
1.410860213157829612e-01
1.439426086031503349e-01
1.468062035386572539e-01
1.497738904363090651e-01
1.516260692716924208e-01
1.526507428176480108e-01
1.536273352236907641e-01
1.545557314489101053e-01
1.557782289889204641e-01
1.565611689256893868e-01
1.572465826899800412e-01
1.585203257355942696e-01
1.595498938751982454e-01
1.606782955258494461e-01
1.617583842015826168e-01
1.626917656870667805e-01
1.636748405875128043e-01
1.646584880322148337e-01
1.653965932379199977e-01
1.664797109211337833e-01
1.684506928420363980e-01
1.702757204404949931e-01
1.732388851716657463e-01
1.762063603927168653e-01
1.793265835699857647e-01
1.821036616181688217e-01
1.848342123283812644e-01
1.881146417889116851e-01
8.783369073193103560e-04
8.783369073193103560e-04
8.783369073193103560e-04
8.783369073193103560e-04
8.783369073193103560e-04
1.960592279485195988e-03
1.960592279485195988e-03
1.960592279485195988e-03
1.960592279485195988e-03
1.960592279485195988e-03
1.960592279485195988e-03
1.960592279485195988e-03
1.960592279485195988e-03
1.960592279485195988e-03
1.960592279485195988e-03
1.960592279485195988e-03
7.427578261089085032e-03
7.427578261089085032e-03
7.427578261089085032e-03
7.427578261089085032e-03
7.427578261089085032e-03
7.427578261089085032e-03
7.427578261089085032e-03
7.427578261089085032e-03
7.427578261089085032e-03
7.427578261089085032e-03
7.427578261089085032e-03
7.427578261089085032e-03
7.427578261089085032e-03
7.427578261089085032e-03
7.427578261089085032e-03
7.427578261089085032e-03
1.768369742184172644e-02
1.768369742184172644e-02
1.768369742184172644e-02
1.768369742184172644e-02
1.768369742184172644e-02
1.768369742184172644e-02
1.768369742184172644e-02
1.768369742184172644e-02
1.768369742184172644e-02
1.768369742184172644e-02
1.768369742184172644e-02
1.768369742184172644e-02
1.768369742184172644e-02
1.768369742184172644e-02
1.768369742184172644e-02
1.768369742184172644e-02
2.868913999224043110e-02
2.868913999224043110e-02
2.868913999224043110e-02
2.868913999224043110e-02
2.868913999224043110e-02
2.868913999224043110e-02
2.868913999224043110e-02
2.868913999224043110e-02
2.868913999224043110e-02
2.868913999224043110e-02
2.868913999224043110e-02
2.868913999224043110e-02
2.868913999224043110e-02
2.868913999224043110e-02
2.868913999224043110e-02
2.868913999224043110e-02
2.868913999224043110e-02
2.868913999224043110e-02
4.561574053323713684e-02
4.561574053323713684e-02
4.561574053323713684e-02
4.561574053323713684e-02
4.561574053323713684e-02
4.561574053323713684e-02
4.561574053323713684e-02
4.561574053323713684e-02
4.561574053323713684e-02
4.561574053323713684e-02
4.561574053323713684e-02
4.561574053323713684e-02
4.561574053323713684e-02
4.561574053323713684e-02
4.561574053323713684e-02
4.561574053323713684e-02
4.561574053323713684e-02
4.561574053323713684e-02
4.561574053323713684e-02
4.561574053323713684e-02
4.561574053323713684e-02
4.561574053323713684e-02
4.561574053323713684e-02
4.561574053323713684e-02
4.561574053323713684e-02
4.561574053323713684e-02
4.561574053323713684e-02
4.561574053323713684e-02
4.561574053323713684e-02
4.561574053323713684e-02
4.561574053323713684e-02
4.561574053323713684e-02
4.561574053323713684e-02
4.561574053323713684e-02
4.561574053323713684e-02
4.561574053323713684e-02
8.578321160034274584e-02
8.578321160034274584e-02
8.578321160034274584e-02
8.578321160034274584e-02
8.578321160034274584e-02
8.578321160034274584e-02
8.578321160034274584e-02
8.578321160034274584e-02
8.578321160034274584e-02
8.578321160034274584e-02
8.578321160034274584e-02
8.578321160034274584e-02
8.578321160034274584e-02
8.578321160034274584e-02
8.578321160034274584e-02
8.578321160034274584e-02
8.578321160034274584e-02
8.578321160034274584e-02
1.199448089215846558e-01
1.199448089215846558e-01
1.199448089215846558e-01
1.199448089215846558e-01
1.199448089215846558e-01
1.199448089215846558e-01
1.199448089215846558e-01
1.199448089215846558e-01
1.199448089215846558e-01
1.199448089215846558e-01
1.199448089215846558e-01
1.199448089215846558e-01
1.199448089215846558e-01
1.199448089215846558e-01
1.199448089215846558e-01
1.199448089215846558e-01
1.199448089215846558e-01
1.199448089215846558e-01
1.753651523420263203e-01
1.753651523420263203e-01
1.753651523420263203e-01
1.753651523420263203e-01
1.753651523420263203e-01
1.753651523420263203e-01
1.753651523420263203e-01
1.753651523420263203e-01
1.753651523420263203e-01
1.753651523420263203e-01
1.753651523420263203e-01
1.753651523420263203e-01
1.753651523420263203e-01
1.753651523420263203e-01
1.753651523420263203e-01
1.753651523420263203e-01
1.753651523420263203e-01
1.753651523420263203e-01
8.040872982659763579e-04
8.040872982659763579e-04
8.040872982659763579e-04
8.040872982659763579e-04
8.040872982659763579e-04
1.845952553495067150e-03
1.845952553495067150e-03
1.845952553495067150e-03
1.845952553495067150e-03
1.845952553495067150e-03
1.845952553495067150e-03
1.845952553495067150e-03
1.845952553495067150e-03
1.845952553495067150e-03
7.220061324464177588e-03
7.220061324464177588e-03
7.220061324464177588e-03
7.220061324464177588e-03
7.220061324464177588e-03
7.220061324464177588e-03
7.220061324464177588e-03
7.220061324464177588e-03
7.220061324464177588e-03
7.220061324464177588e-03
7.220061324464177588e-03
7.220061324464177588e-03
7.220061324464177588e-03
7.220061324464177588e-03
1.744870358443395553e-02
1.744870358443395553e-02
1.744870358443395553e-02
1.744870358443395553e-02
1.744870358443395553e-02
1.744870358443395553e-02
1.744870358443395553e-02
1.744870358443395553e-02
1.744870358443395553e-02
1.744870358443395553e-02
1.744870358443395553e-02
1.744870358443395553e-02
1.744870358443395553e-02
1.744870358443395553e-02
2.843491207698489731e-02
2.843491207698489731e-02
2.843491207698489731e-02
2.843491207698489731e-02
2.843491207698489731e-02
2.843491207698489731e-02
2.843491207698489731e-02
2.843491207698489731e-02
2.843491207698489731e-02
2.843491207698489731e-02
2.843491207698489731e-02
2.843491207698489731e-02
2.843491207698489731e-02
2.843491207698489731e-02
2.843491207698489731e-02
2.843491207698489731e-02
4.531692162123901468e-02
4.531692162123901468e-02
4.531692162123901468e-02
4.531692162123901468e-02
4.531692162123901468e-02
4.531692162123901468e-02
4.531692162123901468e-02
4.531692162123901468e-02
4.531692162123901468e-02
4.531692162123901468e-02
4.531692162123901468e-02
4.531692162123901468e-02
4.531692162123901468e-02
4.531692162123901468e-02
4.531692162123901468e-02
4.531692162123901468e-02
4.531692162123901468e-02
4.531692162123901468e-02
4.531692162123901468e-02
4.531692162123901468e-02
4.531692162123901468e-02
4.531692162123901468e-02
4.531692162123901468e-02
4.531692162123901468e-02
4.531692162123901468e-02
4.531692162123901468e-02
4.531692162123901468e-02
4.531692162123901468e-02
4.531692162123901468e-02
4.531692162123901468e-02
4.531692162123901468e-02
4.531692162123901468e-02
8.551730331650819750e-02
8.551730331650819750e-02
8.551730331650819750e-02
8.551730331650819750e-02
8.551730331650819750e-02
8.551730331650819750e-02
8.551730331650819750e-02
8.551730331650819750e-02
8.551730331650819750e-02
8.551730331650819750e-02
8.551730331650819750e-02
8.551730331650819750e-02
8.551730331650819750e-02
8.551730331650819750e-02
8.551730331650819750e-02
8.551730331650819750e-02
1.197086272171525856e-01
1.197086272171525856e-01
1.197086272171525856e-01
1.197086272171525856e-01
1.197086272171525856e-01
1.197086272171525856e-01
1.197086272171525856e-01
1.197086272171525856e-01
1.197086272171525856e-01
1.197086272171525856e-01
1.197086272171525856e-01
1.197086272171525856e-01
1.197086272171525856e-01
1.197086272171525856e-01
1.197086272171525856e-01
1.197086272171525856e-01
1.751672690794985332e-01
1.751672690794985332e-01
1.751672690794985332e-01
1.751672690794985332e-01
1.751672690794985332e-01
1.751672690794985332e-01
1.751672690794985332e-01
1.751672690794985332e-01
1.751672690794985332e-01
1.751672690794985332e-01
1.751672690794985332e-01
1.751672690794985332e-01
1.751672690794985332e-01
1.751672690794985332e-01
1.751672690794985332e-01
1.751672690794985332e-01
7.339665772740922023e-04
7.339665772740922023e-04
7.339665772740922023e-04
7.339665772740922023e-04
7.339665772740922023e-04
7.339665772740922023e-04
7.339665772740922023e-04
1.735414250489730748e-03
1.735414250489730748e-03
1.735414250489730748e-03
1.735414250489730748e-03
1.735414250489730748e-03
1.735414250489730748e-03
1.735414250489730748e-03
1.735414250489730748e-03
1.735414250489730748e-03
7.032467605050607418e-03
7.032467605050607418e-03
7.032467605050607418e-03
7.032467605050607418e-03
7.032467605050607418e-03
7.032467605050607418e-03
7.032467605050607418e-03
7.032467605050607418e-03
7.032467605050607418e-03
7.032467605050607418e-03
7.032467605050607418e-03
7.032467605050607418e-03
7.032467605050607418e-03
7.032467605050607418e-03
7.032467605050607418e-03
1.721506555287621865e-02
1.721506555287621865e-02
1.721506555287621865e-02
1.721506555287621865e-02
1.721506555287621865e-02
1.721506555287621865e-02
1.721506555287621865e-02
1.721506555287621865e-02
1.721506555287621865e-02
1.721506555287621865e-02
1.721506555287621865e-02
1.721506555287621865e-02
1.721506555287621865e-02
1.721506555287621865e-02
1.721506555287621865e-02
1.721506555287621865e-02
2.814992734013399556e-02
2.814992734013399556e-02
2.814992734013399556e-02
2.814992734013399556e-02
2.814992734013399556e-02
2.814992734013399556e-02
2.814992734013399556e-02
2.814992734013399556e-02
2.814992734013399556e-02
2.814992734013399556e-02
2.814992734013399556e-02
2.814992734013399556e-02
2.814992734013399556e-02
2.814992734013399556e-02
2.814992734013399556e-02
2.814992734013399556e-02
2.814992734013399556e-02
2.814992734013399556e-02
4.505596705862524587e-02
4.505596705862524587e-02
4.505596705862524587e-02
4.505596705862524587e-02
4.505596705862524587e-02
4.505596705862524587e-02
4.505596705862524587e-02
4.505596705862524587e-02
4.505596705862524587e-02
4.505596705862524587e-02
4.505596705862524587e-02
4.505596705862524587e-02
4.505596705862524587e-02
4.505596705862524587e-02
4.505596705862524587e-02
4.505596705862524587e-02
4.505596705862524587e-02
4.505596705862524587e-02
4.505596705862524587e-02
4.505596705862524587e-02
4.505596705862524587e-02
4.505596705862524587e-02
4.505596705862524587e-02
4.505596705862524587e-02
4.505596705862524587e-02
4.505596705862524587e-02
4.505596705862524587e-02
4.505596705862524587e-02
4.505596705862524587e-02
4.505596705862524587e-02
4.505596705862524587e-02
4.505596705862524587e-02
4.505596705862524587e-02
4.505596705862524587e-02
4.505596705862524587e-02
4.505596705862524587e-02
8.525157669790983661e-02
8.525157669790983661e-02
8.525157669790983661e-02
8.525157669790983661e-02
8.525157669790983661e-02
8.525157669790983661e-02
8.525157669790983661e-02
8.525157669790983661e-02
8.525157669790983661e-02
8.525157669790983661e-02
8.525157669790983661e-02
8.525157669790983661e-02
8.525157669790983661e-02
8.525157669790983661e-02
8.525157669790983661e-02
8.525157669790983661e-02
8.525157669790983661e-02
8.525157669790983661e-02
1.194725197381971693e-01
1.194725197381971693e-01
1.194725197381971693e-01
1.194725197381971693e-01
1.194725197381971693e-01
1.194725197381971693e-01
1.194725197381971693e-01
1.194725197381971693e-01
1.194725197381971693e-01
1.194725197381971693e-01
1.194725197381971693e-01
1.194725197381971693e-01
1.194725197381971693e-01
1.194725197381971693e-01
1.194725197381971693e-01
1.194725197381971693e-01
1.194725197381971693e-01
1.194725197381971693e-01
1.194725197381971693e-01
1.749199409558672702e-01
1.749199409558672702e-01
1.749199409558672702e-01
1.749199409558672702e-01
1.749199409558672702e-01
1.749199409558672702e-01
1.749199409558672702e-01
1.749199409558672702e-01
1.749199409558672702e-01
1.749199409558672702e-01
1.749199409558672702e-01
1.749199409558672702e-01
1.749199409558672702e-01
1.749199409558672702e-01
1.749199409558672702e-01
1.749199409558672702e-01
1.749199409558672702e-01
1.749199409558672702e-01
1.749199409558672702e-01
