2.372062028455639571e-01
2.372099981568277227e-01
2.372140464724291908e-01
2.372180104317055949e-01
2.372222273918271340e-01
2.372258539628287755e-01
2.372300708887576381e-01
2.372340347823692630e-01
2.372342034583329040e-01
2.372382516726356250e-01
2.372466010611316012e-01
2.372503962138976241e-01
2.372627936091732670e-01
2.372667573687007314e-01
2.372667573687007314e-01
2.372708054467740635e-01
2.372749378423348043e-01
2.372751908455711378e-01
2.372797448925109687e-01
2.372837085825826586e-01
2.372882625894249253e-01
2.372926479090854690e-01
2.372968645438583435e-01
2.373014184887697886e-01
2.373044544401345934e-01
2.373091770122092714e-01
2.373135622370646236e-01
2.373179474420422375e-01
2.373227542785083244e-01
2.373273081015504493e-01
2.373318619031573040e-01
2.373364156833291105e-01
2.373421500426844688e-01
2.373459448206277911e-01
2.373506671901700615e-01
2.373554738640679396e-01
2.373603648410649303e-01
2.373650028136524981e-01
2.373698937424768007e-01
2.373744473436387448e-01
2.373794225500371613e-01
2.373841447561728935e-01
2.373892885616294135e-01
2.373915653192477104e-01
2.373940950436509989e-01
2.373992387962061412e-01
2.373992387962061412e-01
2.374038765824428021e-01
2.374088516375086055e-01
2.374139109893055044e-01
2.374191389583686362e-01
2.374212470024183452e-01
2.374223431835090770e-01
2.374229334343511411e-01
2.374241982563717046e-01
2.374247885060821461e-01
2.374256317193294830e-01
2.374291732069437333e-01
2.374312812291310693e-01
2.374322087574384788e-01
2.374327990022620793e-01
2.374333049261100059e-01
2.374344010935395821e-01
2.374359188617765071e-01
2.374380268692668494e-01
2.374392916715565571e-01
2.374407251121528062e-01
2.374419055910492460e-01
2.374429174289569566e-01
2.374439292658065415e-01
2.374448567819890943e-01
2.374458686168105792e-01
2.374475550058282869e-01
2.374484825185351755e-01
2.374507591368642256e-01
2.374542162137132650e-01
2.374572516856402471e-01
2.374609616939519219e-01
2.374642500985175153e-01
2.374676228095393138e-01
2.374725975368374986e-01
2.374777408720671334e-01
2.374830528125394524e-01
2.372060341647177495e-01
2.372080583329311820e-01
2.372085643743226946e-01
2.372117692969881175e-01
2.372159019447509787e-01
2.372199502356447109e-01
2.372239985095963288e-01
2.372282997821064943e-01
2.372321793448284866e-01
2.372362275676019316e-01
2.372404444483094121e-01
2.372444082994135117e-01
2.372487938178791667e-01
2.372526732984104325e-01
2.372568901074285086e-01
2.372611068980652882e-01
2.372650706645039742e-01
2.372696247590858620e-01
2.372738414942125174e-01
2.372782268792464067e-01
2.372826122444003927e-01
2.372869132562992200e-01
2.372912985820764542e-01
2.372956838879745622e-01
2.372999005095145497e-01
2.373022618095490532e-01
2.373047917674759033e-01
2.373086710234467989e-01
2.373112009646125009e-01
2.373132249127814231e-01
2.373157548420380958e-01
2.373199713760968388e-01
2.373219953059172715e-01
2.373247782025067198e-01
2.373268021222709467e-01
2.373291633566444736e-01
2.373316932442207372e-01
2.373338858081021907e-01
2.373382709209576613e-01
2.373429933279582460e-01
2.373475470557347700e-01
2.373522694174562131e-01
2.373569917561269282e-01
2.373617140717473040e-01
2.373664363643176178e-01
2.373712429598703044e-01
2.373759652059299619e-01
2.373810247297023501e-01
2.373872647725818463e-01
2.373923242372632247e-01
2.373972150279721194e-01
2.374015998537955252e-01
2.374074181496895197e-01
2.374121402191860519e-01
2.374170309097259068e-01
2.374201508200856903e-01
2.374237766492152402e-01
2.374272338224749646e-01
2.374287516019551458e-01
2.374305223416727784e-01
2.374322930781496421e-01
2.374337265291145138e-01
2.374358345413813409e-01
2.374374366276324755e-01
2.374388700709770816e-01
2.374403878322035588e-01
2.374420742307740417e-01
2.374436763066933298e-01
2.374453626995321198e-01
2.374484825185351755e-01
2.374521082414944306e-01
2.374550594013148941e-01
2.374583478259402469e-01
2.374620578300488949e-01
2.374653462308891627e-01
2.374702366524950592e-01
2.374749584154194904e-01
2.374798487884429987e-01
2.372049377385002655e-01
2.372049377385002655e-01
2.372070462493539311e-01
2.372074679509731387e-01
2.372092390957663000e-01
2.372110945773093782e-01
2.372130343951171783e-01
2.372148898693803021e-01
2.372167453400843007e-01
2.372190225038112998e-01
2.372207092883011348e-01
2.372224804088498284e-01
2.372245045426490395e-01
2.372266973494851217e-01
2.372284684590701687e-01
2.372303239037287792e-01
2.372323480211156188e-01
2.372346251481132207e-01
2.372346251481132207e-01
2.372364805809627497e-01
2.372386733606512421e-01
2.372406974605673069e-01
2.372429745679104363e-01
2.372448299847453312e-01
2.372471914192064435e-01
2.372493841746158572e-01
2.372528419711240344e-01
2.372528419711240344e-01
2.372550347137251103e-01
2.372571431153850940e-01
2.372589985050445327e-01
2.372609382267927280e-01
2.372649863292169425e-01
2.372651549997836784e-01
2.372671790442904272e-01
2.372695404241958739e-01
2.372716487942405361e-01
2.372736728251604033e-01
2.372756968518454079e-01
2.372778895426418955e-01
2.372799978944901689e-01
2.372821905755378991e-01
2.372842145844016037e-01
2.372867445895261718e-01
2.372885155891764075e-01
2.372910455830526955e-01
2.372930695733898032e-01
2.372952622248097332e-01
2.372972862063247868e-01
2.372996475127404359e-01
2.373018401492513196e-01
2.373019244813255602e-01
2.373041171126757110e-01
2.373086710234467989e-01
2.373130562505958163e-01
2.373171884656800623e-01
2.373220796362345841e-01
2.373266334624523355e-01
2.373313559262594519e-01
2.373359097088129921e-01
2.373406321273394126e-01
2.373451015379267615e-01
2.373496552557801398e-01
2.373545462621929614e-01
2.373594372438793676e-01
2.373639908942569432e-01
2.373688818281969037e-01
2.373736040857812313e-01
2.373783263203164406e-01
2.373830485318027816e-01
2.373884453167073860e-01
2.373913966707190126e-01
2.373933361270245401e-01
2.373964561137930362e-01
2.373978896178538245e-01
2.373994074433678769e-01
2.374010095899383166e-01
2.374029490269738973e-01
2.374040452287960734e-01
2.374064062746561732e-01
2.374079240868093854e-01
2.374109597039724961e-01
2.374126461538366151e-01
2.374156817561841604e-01
2.374173681978173911e-01
2.374209940373749050e-01
2.374232707203849935e-01
2.374260533256775940e-01
2.374271495013228761e-01
2.374296791326875877e-01
2.374311125875251394e-01
2.374327146815950751e-01
2.374342324524774117e-01
2.374362561432836194e-01
2.374391230313468160e-01
2.374411467119240116e-01
2.374427487893791544e-01
2.374446881427493272e-01
2.374460372558446219e-01
2.374494100303529143e-01
2.374528671120222645e-01
2.374561555440984906e-01
2.374593596466534062e-01
2.374628166927732209e-01
2.374681287151785836e-01
2.374728504883896751e-01
2.374775722385586985e-01
2.374817037510551510e-01
2.372068775686547726e-01
2.372072149300236410e-01
2.372108415573085383e-01
2.372190225038112998e-01
2.372234081373668924e-01
2.372272033811260450e-01
2.372311672864880205e-01
2.372353841892544946e-01
2.372395167361310009e-01
2.372434805910365319e-01
2.372476974401266925e-01
2.372519142708350015e-01
2.372558780749405571e-01
2.372598418628042993e-01
2.372642273113027278e-01
2.372681910649556691e-01
2.372724078063317976e-01
2.372767931978648770e-01
2.372809255678476614e-01
2.372853109207679057e-01
2.372896962538087740e-01
2.372938285686745086e-01
2.372983825278774384e-01
2.373048760992928496e-01
2.373092613436439402e-01
2.373135622370646236e-01
2.373181161033751652e-01
2.373226699482498536e-01
2.373272237716888833e-01
2.373317775736926982e-01
2.373365843414423637e-01
2.373411380993857012e-01
2.373456918358946288e-01
2.373500768952379048e-01
2.373549678995191259e-01
2.373599432060908565e-01
2.373644968540870037e-01
2.373692191330744605e-01
2.373739413890124383e-01
2.373789165980126903e-01
2.373838074564990352e-01
2.373889512637487875e-01
2.373919869404409466e-01
2.373935047752152028e-01
2.373968777328549218e-01
2.373986485309085293e-01
2.374012625602069659e-01
2.374035392896478858e-01
2.374065749205685194e-01
2.374079240868093854e-01
2.374117186067751240e-01
2.374134050553164121e-01
2.374164406552828899e-01
2.374182957394627147e-01
2.374217529323068288e-01
2.374234393633578022e-01
2.374266435742563297e-01
2.374281613546624092e-01
2.374300164163698212e-01
2.374317028330174550e-01
2.374329676435741332e-01
2.374348226960664443e-01
2.374365091043367793e-01
2.374380268692668494e-01
2.374384484702138087e-01
2.374399662321017013e-01
2.374413153517810626e-01
2.374414839916086928e-01
2.374430017487348110e-01
2.374431703882685374e-01
2.374446881427493272e-01
2.374462902143405774e-01
2.374497473071570941e-01
2.374526141552458225e-01
2.374562398627226845e-01
2.374598655566131922e-01
2.374630696468824076e-01
2.374680443975904220e-01
2.374730191227210352e-01
2.374779095055462308e-01
2.372073836106640132e-01
2.372111789172949570e-01
2.372149742090349511e-01
2.372191911823926525e-01
2.372229864426967372e-01
2.372272033811260450e-01
2.372309986099949419e-01
2.372351311756069614e-01
2.372393480610938410e-01
2.372433119166905413e-01
2.372476974401266925e-01
2.372514925885913784e-01
2.372557094027562818e-01
2.372596731913111379e-01
2.372638899698163717e-01
2.372678537248515962e-01
2.372681067299407254e-01
2.372719017983371259e-01
2.372764558607604879e-01
2.372804195643083702e-01
2.372846362523818031e-01
2.372891902548570908e-01
2.372937442358944715e-01
2.372981295307063088e-01
2.373025148056394640e-01
2.373058037487941196e-01
2.373101046575863959e-01
2.373147428711293860e-01
2.373190437401807573e-01
2.373236819108665019e-01
2.373284043890814821e-01
2.373327895267826060e-01
2.373375119605396211e-01
2.373421500426844688e-01
2.373467037744302899e-01
2.373510888291868182e-01
2.373559798283522426e-01
2.373607864758553176e-01
2.373653401198824453e-01
2.373703153731143711e-01
2.373748689722918193e-01
2.373796755259501845e-01
2.373843977308511821e-01
2.373897101838147727e-01
2.373945166637418114e-01
2.373992387962061412e-01
2.374013468836150553e-01
2.374044668445508544e-01
2.374091889284514756e-01
2.374138266669924002e-01
2.374196448893594602e-01
2.374226804697486537e-01
2.374261376469251617e-01
2.374296791326875877e-01
2.374316185122548328e-01
2.374330519642190995e-01
2.374347383755757990e-01
2.374360875025447459e-01
2.374387857508390987e-01
2.374413996716984998e-01
2.374428331091717748e-01
2.374446881427493272e-01
2.374463745338245280e-01
2.374478079639274486e-01
2.374513493703714340e-01
2.374547221263623997e-01
2.374579262336641572e-01
2.374614676030741001e-01
2.374646716880381703e-01
2.374681287151785836e-01
2.374730191227210352e-01
2.374779938222746911e-01
2.374827155473447082e-01
2.372072992703475047e-01
2.372114319372075897e-01
2.372150585486822449e-01
2.372194442002094894e-01
2.372234081373668924e-01
2.372273720582808443e-01
2.372309986099949419e-01
2.372355528649828238e-01
2.372396010736385341e-01
2.372435649281984804e-01
2.372476974401266925e-01
2.372519142708350015e-01
2.372558780749405571e-01
2.372599261985398333e-01
2.372642273113027278e-01
2.372684440699566466e-01
2.372725764756044853e-01
2.372766245293273790e-01
2.372811785695180531e-01
2.372853109207679057e-01
2.372896962538087740e-01
2.372942502324642544e-01
2.372986355249823431e-01
2.373030207976218331e-01
2.373074060503829186e-01
2.373119599456720852e-01
2.373162608270955320e-01
2.373208990111234928e-01
2.373254528428985766e-01
2.373300066532383068e-01
2.373345604421428778e-01
2.373391142096126505e-01
2.373436679556479856e-01
2.373483903363041714e-01
2.373527753834163423e-01
2.373577507012633314e-01
2.373623043595791404e-01
2.373668579964619829e-01
2.373715802639246308e-01
2.373761338571486745e-01
2.373811090548744174e-01
2.373875177464443154e-01
2.373913123464436448e-01
2.373923242372632247e-01
2.373962874661168232e-01
2.373972150279721194e-01
2.374020214706158705e-01
2.374059846597466328e-01
2.374069122123051157e-01
2.374109597039724961e-01
2.374117186067751240e-01
2.374155131118591555e-01
2.374170309097259068e-01
2.374200664983164011e-01
2.374212470024183452e-01
2.374231863988875146e-01
2.374260533256775940e-01
2.374269808589968001e-01
2.374274024647569648e-01
2.374289202439726076e-01
2.374302693790543706e-01
2.374316185122548328e-01
2.374327146815950751e-01
2.374333049261100059e-01
2.374348226960664443e-01
2.374369307059450429e-01
2.374380268692668494e-01
2.374384484702138087e-01
2.374393759916504365e-01
2.374401348721645044e-01
2.374410623919844532e-01
2.374418212711758014e-01
2.374425801497719868e-01
2.374435076672478107e-01
2.374441822248536116e-01
2.374449411015980005e-01
2.374458686168105792e-01
2.374487354763918368e-01
2.374490727534311063e-01
2.374515180084501575e-01
2.374526984741786306e-01
2.374551437200346504e-01
2.374562398627226845e-01
2.374583478259402469e-01
2.374596969199893326e-01
2.374617205575359491e-01
2.374627323747221241e-01
2.374651775952204558e-01
2.374680443975904220e-01
2.374700680176787537e-01
2.374727661712129900e-01
2.374752113663544106e-01
2.374777408720671334e-01
2.374826312310276688e-01
2.372075522912749090e-01
2.372112632572731805e-01
2.372151428883222113e-01
2.372192755216722959e-01
2.372232394595208682e-01
2.372272877197071639e-01
2.372310829482451866e-01
2.372350468377096566e-01
2.372391793860273435e-01
2.372433962538672281e-01
2.372475287665160026e-01
2.372513239156424647e-01
2.372553720582995518e-01
2.372595045197885832e-01
2.372637212990291178e-01
2.372676850547554284e-01
2.372718174636456456e-01
2.372760341892145020e-01
2.372804195643083702e-01
2.372847205859558439e-01
2.372889372552819953e-01
2.372934912375103678e-01
2.372976235361656250e-01
2.373024304736166545e-01
2.373065627340880668e-01
2.373112852958707553e-01
2.373158391728993899e-01
2.373202243675559819e-01
2.373246095423352520e-01
2.373293320160219932e-01
2.373340544666564800e-01
2.373386925653770685e-01
2.373429933279582460e-01
2.373478000399827648e-01
2.373523537451346088e-01
2.373570760833936810e-01
2.373616297448847556e-01
2.373663520378667680e-01
2.373711586338382862e-01
2.373758808803095866e-01
2.373807717541421836e-01
2.373855782784751178e-01
2.373878550448246805e-01
2.373903004545656892e-01
2.373927458581257255e-01
2.373956128751180117e-01
2.373981425889381824e-01
2.374004193257210071e-01
2.374026960571463118e-01
2.374075867954255348e-01
2.374125618314132102e-01
2.374177054857912750e-01
2.374209940373749050e-01
2.374231020773827638e-01
2.374244512205774260e-01
2.374265592530528657e-01
2.374280770335912283e-01
2.374298477745434288e-01
2.374315341914849109e-01
2.374330519642190995e-01
2.374346540550777429e-01
2.374363404636420094e-01
2.374386171105411503e-01
2.374400505521367666e-01
2.374415683115114750e-01
2.374430017487348110e-01
2.374445195034801670e-01
2.374462058948492993e-01
2.374493257111334743e-01
2.374526984741786306e-01
2.374575889597109746e-01
2.374629010108169902e-01
2.374680443975904220e-01
2.374727661712129900e-01
2.374779095055462308e-01
2.374800174215546678e-01
2.374827998636543924e-01
2.373030207976218331e-01
2.373075747135536540e-01
2.373119599456720852e-01
2.373165138195249546e-01
2.373208990111234928e-01
2.373253685128753621e-01
2.373299223236119970e-01
2.373347291005795390e-01
2.373391985384377678e-01
2.373437522840761427e-01
2.373483060082803020e-01
2.373531126939093794e-01
2.373574133923873064e-01
2.373621357059496340e-01
2.373672796284225228e-01
2.373718332418882360e-01
2.373765554850668091e-01
2.373811090548744174e-01
2.373860842270157923e-01
2.373881080185328007e-01
2.373909750492685378e-01
2.373930831546834097e-01
2.373956971990185960e-01
2.373979739415559842e-01
2.374005036492027043e-01
2.374026960571463118e-01
2.374076711182825095e-01
2.374126461538366151e-01
2.374177898077664550e-01
2.374209940373749050e-01
2.374227647912901251e-01
2.374244512205774260e-01
2.374260533256775940e-01
2.374281613546624092e-01
2.374295104908023812e-01
2.374306909833815704e-01
2.374328833229217839e-01
2.374346540550777429e-01
2.374365934246731313e-01
2.374384484702138087e-01
2.374400505521367666e-01
2.374417369512950571e-01
2.374434233475140044e-01
2.374446881427493272e-01
2.374465431727703912e-01
2.374499159455150943e-01
2.374530357498365052e-01
2.374580948705966033e-01
2.374631539649040834e-01
2.374684659854578717e-01
2.374731877570230576e-01
2.374778251888103320e-01
2.374833900776165962e-01
2.370587645624977480e-01
2.370587645624977480e-01
2.370587645624977480e-01
2.370587645624977480e-01
2.370587645624977480e-01
2.370724296961755906e-01
2.370724296961755906e-01
2.370724296961755906e-01
2.370724296961755906e-01
2.370724296961755906e-01
2.370724296961755906e-01
2.370724296961755906e-01
2.370724296961755906e-01
2.370724296961755906e-01
2.370724296961755906e-01
2.370724296961755906e-01
2.371081943173130591e-01
2.371081943173130591e-01
2.371081943173130591e-01
2.371081943173130591e-01
2.371081943173130591e-01
2.371081943173130591e-01
2.371081943173130591e-01
2.371081943173130591e-01
2.371081943173130591e-01
2.371081943173130591e-01
2.371081943173130591e-01
2.371081943173130591e-01
2.371081943173130591e-01
2.371081943173130591e-01
2.371081943173130591e-01
2.371081943173130591e-01
2.371475844804954713e-01
2.371475844804954713e-01
2.371475844804954713e-01
2.371475844804954713e-01
2.371475844804954713e-01
2.371475844804954713e-01
2.371475844804954713e-01
2.371475844804954713e-01
2.371475844804954713e-01
2.371475844804954713e-01
2.371475844804954713e-01
2.371475844804954713e-01
2.371475844804954713e-01
2.371475844804954713e-01
2.371475844804954713e-01
2.371475844804954713e-01
2.371794665642749933e-01
2.371794665642749933e-01
2.371794665642749933e-01
2.371794665642749933e-01
2.371794665642749933e-01
2.371794665642749933e-01
2.371794665642749933e-01
2.371794665642749933e-01
2.371794665642749933e-01
2.371794665642749933e-01
2.371794665642749933e-01
2.371794665642749933e-01
2.371794665642749933e-01
2.371794665642749933e-01
2.371794665642749933e-01
2.371794665642749933e-01
2.371794665642749933e-01
2.371794665642749933e-01
2.372205406099845149e-01
2.372205406099845149e-01
2.372205406099845149e-01
2.372205406099845149e-01
2.372205406099845149e-01
2.372205406099845149e-01
2.372205406099845149e-01
2.372205406099845149e-01
2.372205406099845149e-01
2.372205406099845149e-01
2.372205406099845149e-01
2.372205406099845149e-01
2.372205406099845149e-01
2.372205406099845149e-01
2.372205406099845149e-01
2.372205406099845149e-01
2.372205406099845149e-01
2.372205406099845149e-01
2.372205406099845149e-01
2.372205406099845149e-01
2.372205406099845149e-01
2.372205406099845149e-01
2.372205406099845149e-01
2.372205406099845149e-01
2.372205406099845149e-01
2.372205406099845149e-01
2.372205406099845149e-01
2.372205406099845149e-01
2.372205406099845149e-01
2.372205406099845149e-01
2.372205406099845149e-01
2.372205406099845149e-01
2.372205406099845149e-01
2.372205406099845149e-01
2.372205406099845149e-01
2.372205406099845149e-01
2.373026834696629894e-01
2.373026834696629894e-01
2.373026834696629894e-01
2.373026834696629894e-01
2.373026834696629894e-01
2.373026834696629894e-01
2.373026834696629894e-01
2.373026834696629894e-01
2.373026834696629894e-01
2.373026834696629894e-01
2.373026834696629894e-01
2.373026834696629894e-01
2.373026834696629894e-01
2.373026834696629894e-01
2.373026834696629894e-01
2.373026834696629894e-01
2.373026834696629894e-01
2.373026834696629894e-01
2.373654244464215579e-01
2.373654244464215579e-01
2.373654244464215579e-01
2.373654244464215579e-01
2.373654244464215579e-01
2.373654244464215579e-01
2.373654244464215579e-01
2.373654244464215579e-01
2.373654244464215579e-01
2.373654244464215579e-01
2.373654244464215579e-01
2.373654244464215579e-01
2.373654244464215579e-01
2.373654244464215579e-01
2.373654244464215579e-01
2.373654244464215579e-01
2.373654244464215579e-01
2.373654244464215579e-01
2.374617205575359491e-01
2.374617205575359491e-01
2.374617205575359491e-01
2.374617205575359491e-01
2.374617205575359491e-01
2.374617205575359491e-01
2.374617205575359491e-01
2.374617205575359491e-01
2.374617205575359491e-01
2.374617205575359491e-01
2.374617205575359491e-01
2.374617205575359491e-01
2.374617205575359491e-01
2.374617205575359491e-01
2.374617205575359491e-01
2.374617205575359491e-01
2.374617205575359491e-01
2.374617205575359491e-01
2.370574992625760213e-01
2.370574992625760213e-01
2.370574992625760213e-01
2.370574992625760213e-01
2.370574992625760213e-01
2.370712487663189649e-01
2.370712487663189649e-01
2.370712487663189649e-01
2.370712487663189649e-01
2.370712487663189649e-01
2.370712487663189649e-01
2.370712487663189649e-01
2.370712487663189649e-01
2.370712487663189649e-01
2.371071821292389248e-01
2.371071821292389248e-01
2.371071821292389248e-01
2.371071821292389248e-01
2.371071821292389248e-01
2.371071821292389248e-01
2.371071821292389248e-01
2.371071821292389248e-01
2.371071821292389248e-01
2.371071821292389248e-01
2.371071821292389248e-01
2.371071821292389248e-01
2.371071821292389248e-01
2.371071821292389248e-01
2.371468253704543117e-01
2.371468253704543117e-01
2.371468253704543117e-01
2.371468253704543117e-01
2.371468253704543117e-01
2.371468253704543117e-01
2.371468253704543117e-01
2.371468253704543117e-01
2.371468253704543117e-01
2.371468253704543117e-01
2.371468253704543117e-01
2.371468253704543117e-01
2.371468253704543117e-01
2.371468253704543117e-01
2.371787918220638613e-01
2.371787918220638613e-01
2.371787918220638613e-01
2.371787918220638613e-01
2.371787918220638613e-01
2.371787918220638613e-01
2.371787918220638613e-01
2.371787918220638613e-01
2.371787918220638613e-01
2.371787918220638613e-01
2.371787918220638613e-01
2.371787918220638613e-01
2.371787918220638613e-01
2.371787918220638613e-01
2.371787918220638613e-01
2.371787918220638613e-01
2.372198658964239093e-01
2.372198658964239093e-01
2.372198658964239093e-01
2.372198658964239093e-01
2.372198658964239093e-01
2.372198658964239093e-01
2.372198658964239093e-01
2.372198658964239093e-01
2.372198658964239093e-01
2.372198658964239093e-01
2.372198658964239093e-01
2.372198658964239093e-01
2.372198658964239093e-01
2.372198658964239093e-01
2.372198658964239093e-01
2.372198658964239093e-01
2.372198658964239093e-01
2.372198658964239093e-01
2.372198658964239093e-01
2.372198658964239093e-01
2.372198658964239093e-01
2.372198658964239093e-01
2.372198658964239093e-01
2.372198658964239093e-01
2.372198658964239093e-01
2.372198658964239093e-01
2.372198658964239093e-01
2.372198658964239093e-01
2.372198658964239093e-01
2.372198658964239093e-01
2.372198658964239093e-01
2.372198658964239093e-01
2.373021774775041781e-01
2.373021774775041781e-01
2.373021774775041781e-01
2.373021774775041781e-01
2.373021774775041781e-01
2.373021774775041781e-01
2.373021774775041781e-01
2.373021774775041781e-01
2.373021774775041781e-01
2.373021774775041781e-01
2.373021774775041781e-01
2.373021774775041781e-01
2.373021774775041781e-01
2.373021774775041781e-01
2.373021774775041781e-01
2.373021774775041781e-01
2.373650028136524981e-01
2.373650028136524981e-01
2.373650028136524981e-01
2.373650028136524981e-01
2.373650028136524981e-01
2.373650028136524981e-01
2.373650028136524981e-01
2.373650028136524981e-01
2.373650028136524981e-01
2.373650028136524981e-01
2.373650028136524981e-01
2.373650028136524981e-01
2.373650028136524981e-01
2.373650028136524981e-01
2.373650028136524981e-01
2.373650028136524981e-01
2.374613832849054307e-01
2.374613832849054307e-01
2.374613832849054307e-01
2.374613832849054307e-01
2.374613832849054307e-01
2.374613832849054307e-01
2.374613832849054307e-01
2.374613832849054307e-01
2.374613832849054307e-01
2.374613832849054307e-01
2.374613832849054307e-01
2.374613832849054307e-01
2.374613832849054307e-01
2.374613832849054307e-01
2.374613832849054307e-01
2.374613832849054307e-01
2.370562339609989799e-01
2.370562339609989799e-01
2.370562339609989799e-01
2.370562339609989799e-01
2.370562339609989799e-01
2.370562339609989799e-01
2.370562339609989799e-01
2.370700678350203816e-01
2.370700678350203816e-01
2.370700678350203816e-01
2.370700678350203816e-01
2.370700678350203816e-01
2.370700678350203816e-01
2.370700678350203816e-01
2.370700678350203816e-01
2.370700678350203816e-01
2.371062542892405367e-01
2.371062542892405367e-01
2.371062542892405367e-01
2.371062542892405367e-01
2.371062542892405367e-01
2.371062542892405367e-01
2.371062542892405367e-01
2.371062542892405367e-01
2.371062542892405367e-01
2.371062542892405367e-01
2.371062542892405367e-01
2.371062542892405367e-01
2.371062542892405367e-01
2.371062542892405367e-01
2.371062542892405367e-01
2.371460662598173230e-01
2.371460662598173230e-01
2.371460662598173230e-01
2.371460662598173230e-01
2.371460662598173230e-01
2.371460662598173230e-01
2.371460662598173230e-01
2.371460662598173230e-01
2.371460662598173230e-01
2.371460662598173230e-01
2.371460662598173230e-01
2.371460662598173230e-01
2.371460662598173230e-01
2.371460662598173230e-01
2.371460662598173230e-01
2.371460662598173230e-01
2.371780327365136942e-01
2.371780327365136942e-01
2.371780327365136942e-01
2.371780327365136942e-01
2.371780327365136942e-01
2.371780327365136942e-01
2.371780327365136942e-01
2.371780327365136942e-01
2.371780327365136942e-01
2.371780327365136942e-01
2.371780327365136942e-01
2.371780327365136942e-01
2.371780327365136942e-01
2.371780327365136942e-01
2.371780327365136942e-01
2.371780327365136942e-01
2.371780327365136942e-01
2.371780327365136942e-01
2.372192755216722959e-01
2.372192755216722959e-01
2.372192755216722959e-01
2.372192755216722959e-01
2.372192755216722959e-01
2.372192755216722959e-01
2.372192755216722959e-01
2.372192755216722959e-01
2.372192755216722959e-01
2.372192755216722959e-01
2.372192755216722959e-01
2.372192755216722959e-01
2.372192755216722959e-01
2.372192755216722959e-01
2.372192755216722959e-01
2.372192755216722959e-01
2.372192755216722959e-01
2.372192755216722959e-01
2.372192755216722959e-01
2.372192755216722959e-01
2.372192755216722959e-01
2.372192755216722959e-01
2.372192755216722959e-01
2.372192755216722959e-01
2.372192755216722959e-01
2.372192755216722959e-01
2.372192755216722959e-01
2.372192755216722959e-01
2.372192755216722959e-01
2.372192755216722959e-01
2.372192755216722959e-01
2.372192755216722959e-01
2.372192755216722959e-01
2.372192755216722959e-01
2.372192755216722959e-01
2.372192755216722959e-01
2.373016714850807451e-01
2.373016714850807451e-01
2.373016714850807451e-01
2.373016714850807451e-01
2.373016714850807451e-01
2.373016714850807451e-01
2.373016714850807451e-01
2.373016714850807451e-01
2.373016714850807451e-01
2.373016714850807451e-01
2.373016714850807451e-01
2.373016714850807451e-01
2.373016714850807451e-01
2.373016714850807451e-01
2.373016714850807451e-01
2.373016714850807451e-01
2.373016714850807451e-01
2.373016714850807451e-01
2.373645811806996408e-01
2.373645811806996408e-01
2.373645811806996408e-01
2.373645811806996408e-01
2.373645811806996408e-01
2.373645811806996408e-01
2.373645811806996408e-01
2.373645811806996408e-01
2.373645811806996408e-01
2.373645811806996408e-01
2.373645811806996408e-01
2.373645811806996408e-01
2.373645811806996408e-01
2.373645811806996408e-01
2.373645811806996408e-01
2.373645811806996408e-01
2.373645811806996408e-01
2.373645811806996408e-01
2.373645811806996408e-01
2.374609616939519219e-01
2.374609616939519219e-01
2.374609616939519219e-01
2.374609616939519219e-01
2.374609616939519219e-01
2.374609616939519219e-01
2.374609616939519219e-01
2.374609616939519219e-01
2.374609616939519219e-01
2.374609616939519219e-01
2.374609616939519219e-01
2.374609616939519219e-01
2.374609616939519219e-01
2.374609616939519219e-01
2.374609616939519219e-01
2.374609616939519219e-01
2.374609616939519219e-01
2.374609616939519219e-01
2.374609616939519219e-01
