1.820331210359280305e-01
1.820331210359280305e-01
1.820331210359280305e-01
1.820331210359280305e-01
1.820331210359280305e-01
2.018425167282560384e-01
2.018425167282560384e-01
2.018425167282560384e-01
2.018425167282560384e-01
2.018425167282560384e-01
2.018425167282560384e-01
2.018425167282560384e-01
2.018425167282560384e-01
2.018425167282560384e-01
2.018425167282560384e-01
2.018425167282560384e-01
2.462614391693334626e-01
2.462614391693334626e-01
2.462614391693334626e-01
2.462614391693334626e-01
2.462614391693334626e-01
2.462614391693334626e-01
2.462614391693334626e-01
2.462614391693334626e-01
2.462614391693334626e-01
2.462614391693334626e-01
2.462614391693334626e-01
2.462614391693334626e-01
2.462614391693334626e-01
2.462614391693334626e-01
2.462614391693334626e-01
2.462614391693334626e-01
2.873503263003573949e-01
2.873503263003573949e-01
2.873503263003573949e-01
2.873503263003573949e-01
2.873503263003573949e-01
2.873503263003573949e-01
2.873503263003573949e-01
2.873503263003573949e-01
2.873503263003573949e-01
2.873503263003573949e-01
2.873503263003573949e-01
2.873503263003573949e-01
2.873503263003573949e-01
2.873503263003573949e-01
2.873503263003573949e-01
2.873503263003573949e-01
3.167320835473577678e-01
3.167320835473577678e-01
3.167320835473577678e-01
3.167320835473577678e-01
3.167320835473577678e-01
3.167320835473577678e-01
3.167320835473577678e-01
3.167320835473577678e-01
3.167320835473577678e-01
3.167320835473577678e-01
3.167320835473577678e-01
3.167320835473577678e-01
3.167320835473577678e-01
3.167320835473577678e-01
3.167320835473577678e-01
3.167320835473577678e-01
3.167320835473577678e-01
3.167320835473577678e-01
3.509828611916774310e-01
3.509828611916774310e-01
3.509828611916774310e-01
3.509828611916774310e-01
3.509828611916774310e-01
3.509828611916774310e-01
3.509828611916774310e-01
3.509828611916774310e-01
3.509828611916774310e-01
3.509828611916774310e-01
3.509828611916774310e-01
3.509828611916774310e-01
3.509828611916774310e-01
3.509828611916774310e-01
3.509828611916774310e-01
3.509828611916774310e-01
3.509828611916774310e-01
3.509828611916774310e-01
3.509828611916774310e-01
3.509828611916774310e-01
3.509828611916774310e-01
3.509828611916774310e-01
3.509828611916774310e-01
3.509828611916774310e-01
3.509828611916774310e-01
3.509828611916774310e-01
3.509828611916774310e-01
3.509828611916774310e-01
3.509828611916774310e-01
3.509828611916774310e-01
3.509828611916774310e-01
3.509828611916774310e-01
3.509828611916774310e-01
3.509828611916774310e-01
3.509828611916774310e-01
3.509828611916774310e-01
4.110200084161922396e-01
4.110200084161922396e-01
4.110200084161922396e-01
4.110200084161922396e-01
4.110200084161922396e-01
4.110200084161922396e-01
4.110200084161922396e-01
4.110200084161922396e-01
4.110200084161922396e-01
4.110200084161922396e-01
4.110200084161922396e-01
4.110200084161922396e-01
4.110200084161922396e-01
4.110200084161922396e-01
4.110200084161922396e-01
4.110200084161922396e-01
4.110200084161922396e-01
4.110200084161922396e-01
4.515428542207235441e-01
4.515428542207235441e-01
4.515428542207235441e-01
4.515428542207235441e-01
4.515428542207235441e-01
4.515428542207235441e-01
4.515428542207235441e-01
4.515428542207235441e-01
4.515428542207235441e-01
4.515428542207235441e-01
4.515428542207235441e-01
4.515428542207235441e-01
4.515428542207235441e-01
4.515428542207235441e-01
4.515428542207235441e-01
4.515428542207235441e-01
4.515428542207235441e-01
4.515428542207235441e-01
5.075000101656692575e-01
5.075000101656692575e-01
5.075000101656692575e-01
5.075000101656692575e-01
5.075000101656692575e-01
5.075000101656692575e-01
5.075000101656692575e-01
5.075000101656692575e-01
5.075000101656692575e-01
5.075000101656692575e-01
5.075000101656692575e-01
5.075000101656692575e-01
5.075000101656692575e-01
5.075000101656692575e-01
5.075000101656692575e-01
5.075000101656692575e-01
5.075000101656692575e-01
5.075000101656692575e-01
1.800887779080360407e-01
1.800887779080360407e-01
1.800887779080360407e-01
1.800887779080360407e-01
1.800887779080360407e-01
2.002079492206028655e-01
2.002079492206028655e-01
2.002079492206028655e-01
2.002079492206028655e-01
2.002079492206028655e-01
2.002079492206028655e-01
2.002079492206028655e-01
2.002079492206028655e-01
2.002079492206028655e-01
2.451149447848113838e-01
2.451149447848113838e-01
2.451149447848113838e-01
2.451149447848113838e-01
2.451149447848113838e-01
2.451149447848113838e-01
2.451149447848113838e-01
2.451149447848113838e-01
2.451149447848113838e-01
2.451149447848113838e-01
2.451149447848113838e-01
2.451149447848113838e-01
2.451149447848113838e-01
2.451149447848113838e-01
2.866140901511888273e-01
2.866140901511888273e-01
2.866140901511888273e-01
2.866140901511888273e-01
2.866140901511888273e-01
2.866140901511888273e-01
2.866140901511888273e-01
2.866140901511888273e-01
2.866140901511888273e-01
2.866140901511888273e-01
2.866140901511888273e-01
2.866140901511888273e-01
2.866140901511888273e-01
2.866140901511888273e-01
3.161385041789945838e-01
3.161385041789945838e-01
3.161385041789945838e-01
3.161385041789945838e-01
3.161385041789945838e-01
3.161385041789945838e-01
3.161385041789945838e-01
3.161385041789945838e-01
3.161385041789945838e-01
3.161385041789945838e-01
3.161385041789945838e-01
3.161385041789945838e-01
3.161385041789945838e-01
3.161385041789945838e-01
3.161385041789945838e-01
3.161385041789945838e-01
3.504472297289958349e-01
3.504472297289958349e-01
3.504472297289958349e-01
3.504472297289958349e-01
3.504472297289958349e-01
3.504472297289958349e-01
3.504472297289958349e-01
3.504472297289958349e-01
3.504472297289958349e-01
3.504472297289958349e-01
3.504472297289958349e-01
3.504472297289958349e-01
3.504472297289958349e-01
3.504472297289958349e-01
3.504472297289958349e-01
3.504472297289958349e-01
3.504472297289958349e-01
3.504472297289958349e-01
3.504472297289958349e-01
3.504472297289958349e-01
3.504472297289958349e-01
3.504472297289958349e-01
3.504472297289958349e-01
3.504472297289958349e-01
3.504472297289958349e-01
3.504472297289958349e-01
3.504472297289958349e-01
3.504472297289958349e-01
3.504472297289958349e-01
3.504472297289958349e-01
3.504472297289958349e-01
3.504472297289958349e-01
4.106769930066158092e-01
4.106769930066158092e-01
4.106769930066158092e-01
4.106769930066158092e-01
4.106769930066158092e-01
4.106769930066158092e-01
4.106769930066158092e-01
4.106769930066158092e-01
4.106769930066158092e-01
4.106769930066158092e-01
4.106769930066158092e-01
4.106769930066158092e-01
4.106769930066158092e-01
4.106769930066158092e-01
4.106769930066158092e-01
4.106769930066158092e-01
4.512826424288255978e-01
4.512826424288255978e-01
4.512826424288255978e-01
4.512826424288255978e-01
4.512826424288255978e-01
4.512826424288255978e-01
4.512826424288255978e-01
4.512826424288255978e-01
4.512826424288255978e-01
4.512826424288255978e-01
4.512826424288255978e-01
4.512826424288255978e-01
4.512826424288255978e-01
4.512826424288255978e-01
4.512826424288255978e-01
4.512826424288255978e-01
5.073147564261637488e-01
5.073147564261637488e-01
5.073147564261637488e-01
5.073147564261637488e-01
5.073147564261637488e-01
5.073147564261637488e-01
5.073147564261637488e-01
5.073147564261637488e-01
5.073147564261637488e-01
5.073147564261637488e-01
5.073147564261637488e-01
5.073147564261637488e-01
5.073147564261637488e-01
5.073147564261637488e-01
5.073147564261637488e-01
5.073147564261637488e-01
1.781232201025557960e-01
1.781232201025557960e-01
1.781232201025557960e-01
1.781232201025557960e-01
1.781232201025557960e-01
1.781232201025557960e-01
1.781232201025557960e-01
1.985599324492211548e-01
1.985599324492211548e-01
1.985599324492211548e-01
1.985599324492211548e-01
1.985599324492211548e-01
1.985599324492211548e-01
1.985599324492211548e-01
1.985599324492211548e-01
1.985599324492211548e-01
2.440592636542907867e-01
2.440592636542907867e-01
2.440592636542907867e-01
2.440592636542907867e-01
2.440592636542907867e-01
2.440592636542907867e-01
2.440592636542907867e-01
2.440592636542907867e-01
2.440592636542907867e-01
2.440592636542907867e-01
2.440592636542907867e-01
2.440592636542907867e-01
2.440592636542907867e-01
2.440592636542907867e-01
2.440592636542907867e-01
2.858759597141853348e-01
2.858759597141853348e-01
2.858759597141853348e-01
2.858759597141853348e-01
2.858759597141853348e-01
2.858759597141853348e-01
2.858759597141853348e-01
2.858759597141853348e-01
2.858759597141853348e-01
2.858759597141853348e-01
2.858759597141853348e-01
2.858759597141853348e-01
2.858759597141853348e-01
2.858759597141853348e-01
2.858759597141853348e-01
2.858759597141853348e-01
3.154693939188634166e-01
3.154693939188634166e-01
3.154693939188634166e-01
3.154693939188634166e-01
3.154693939188634166e-01
3.154693939188634166e-01
3.154693939188634166e-01
3.154693939188634166e-01
3.154693939188634166e-01
3.154693939188634166e-01
3.154693939188634166e-01
3.154693939188634166e-01
3.154693939188634166e-01
3.154693939188634166e-01
3.154693939188634166e-01
3.154693939188634166e-01
3.154693939188634166e-01
3.154693939188634166e-01
3.499778806781387863e-01
3.499778806781387863e-01
3.499778806781387863e-01
3.499778806781387863e-01
3.499778806781387863e-01
3.499778806781387863e-01
3.499778806781387863e-01
3.499778806781387863e-01
3.499778806781387863e-01
3.499778806781387863e-01
3.499778806781387863e-01
3.499778806781387863e-01
3.499778806781387863e-01
3.499778806781387863e-01
3.499778806781387863e-01
3.499778806781387863e-01
3.499778806781387863e-01
3.499778806781387863e-01
3.499778806781387863e-01
3.499778806781387863e-01
3.499778806781387863e-01
3.499778806781387863e-01
3.499778806781387863e-01
3.499778806781387863e-01
3.499778806781387863e-01
3.499778806781387863e-01
3.499778806781387863e-01
3.499778806781387863e-01
3.499778806781387863e-01
3.499778806781387863e-01
3.499778806781387863e-01
3.499778806781387863e-01
3.499778806781387863e-01
3.499778806781387863e-01
3.499778806781387863e-01
3.499778806781387863e-01
4.103336914086491705e-01
4.103336914086491705e-01
4.103336914086491705e-01
4.103336914086491705e-01
4.103336914086491705e-01
4.103336914086491705e-01
4.103336914086491705e-01
4.103336914086491705e-01
4.103336914086491705e-01
4.103336914086491705e-01
4.103336914086491705e-01
4.103336914086491705e-01
4.103336914086491705e-01
4.103336914086491705e-01
4.103336914086491705e-01
4.103336914086491705e-01
4.103336914086491705e-01
4.103336914086491705e-01
4.510222808600556355e-01
4.510222808600556355e-01
4.510222808600556355e-01
4.510222808600556355e-01
4.510222808600556355e-01
4.510222808600556355e-01
4.510222808600556355e-01
4.510222808600556355e-01
4.510222808600556355e-01
4.510222808600556355e-01
4.510222808600556355e-01
4.510222808600556355e-01
4.510222808600556355e-01
4.510222808600556355e-01
4.510222808600556355e-01
4.510222808600556355e-01
4.510222808600556355e-01
4.510222808600556355e-01
4.510222808600556355e-01
5.070830943573816363e-01
5.070830943573816363e-01
5.070830943573816363e-01
5.070830943573816363e-01
5.070830943573816363e-01
5.070830943573816363e-01
5.070830943573816363e-01
5.070830943573816363e-01
5.070830943573816363e-01
5.070830943573816363e-01
5.070830943573816363e-01
5.070830943573816363e-01
5.070830943573816363e-01
5.070830943573816363e-01
5.070830943573816363e-01
5.070830943573816363e-01
5.070830943573816363e-01
5.070830943573816363e-01
5.070830943573816363e-01
