      90.03      2.462      74.20       2.20
      90.03      2.466      77.00       2.30
      90.03      2.509      71.80       2.20
      90.03      2.606      69.20       2.10
      90.03      2.658      67.20       2.00
      90.03      2.703      67.00       2.00
      90.03      2.750      64.80       1.90
      90.03      2.800      63.30       1.90
      90.03      2.849      62.90       1.90
      90.03      2.896      60.50       1.80
      90.03      2.946      62.10       1.90
      90.03      2.996      61.00       1.80
      90.03      3.043      58.60       1.80
      90.03      3.090      58.40       1.80
      90.03      3.142      57.10       1.70
      90.03      3.189      56.20       1.70
      90.03      3.239      55.10       1.70
      90.03      3.291      54.90       1.60
      90.03      3.340      54.30       1.60
      90.03      3.392      52.50       1.60
      90.03      3.444      54.30       1.60
      90.03      3.493      51.70       1.60
      90.03      3.547      51.30       1.50
      90.03      3.624      50.00       1.50
      90.03      3.676      50.20       1.50
      90.03      3.727      50.70       1.50
      90.03      3.781      48.90       1.50
      90.03      3.835      47.40       1.50
      90.03      3.889      48.70       1.50
      90.03      3.943      48.30       1.40
      90.03      4.000      48.10       2.00
      90.03      4.054      47.70       1.40
      90.03      4.108      45.50       1.80
      90.03      4.160      45.70       1.80
      90.03      4.218      45.30       1.40
      90.03      4.277      44.90       1.50
      90.03      4.331      44.30       1.30
      90.03      4.387      44.50       1.50
      90.03      4.443      44.50       2.00
      90.03      4.502      44.10       1.50
      90.03      4.560      43.90       2.00
      90.03      4.621      43.70       2.20
      90.03      4.657      43.70       1.30
      90.03      4.675      44.40       2.00
      90.03      4.715      46.30       1.40
      90.03      4.736      46.60       1.40
      90.03      4.767      45.30       1.50
      90.03      4.794      45.30       1.50
      90.03      4.830      49.00       1.50
      90.03      4.846      48.10       1.40
      90.03      4.891      49.90       1.50
      90.03      4.911      52.50       1.60
      90.03      4.947      55.00       1.60
      90.03      4.969      58.90       1.80
      90.03      5.010      61.80       1.90
      90.03      5.030      66.00       2.00
      90.03      5.068      77.80       2.30
      90.03      5.086      85.00       2.60
      90.03      5.108      92.50       2.80
      90.03      5.128     101.00       3.00
      90.03      5.143     112.00       3.40
      90.03      5.165     121.00       3.60
      90.03      5.185     131.00       3.90
      90.03      5.203     141.00       4.20
      90.03      5.208     136.00       4.10
      90.03      5.226     139.00       4.20
      90.03      5.242     136.00       4.10
      90.03      5.244     138.00       4.10
      90.03      5.262     135.00       4.10
      90.03      5.264     131.00       3.90
      90.03      5.282     125.00       3.80
      90.03      5.301     116.00       3.50
      90.03      5.342     101.00       3.00
      90.03      5.376      91.10       2.70
      90.03      5.419      79.40       2.40
      90.03      5.462      72.20       2.20
      90.03      5.500      66.50       2.00
      90.03      5.559      60.00       1.80
      90.03      5.618      57.60       1.70
      90.03      5.676      54.50       1.60
      