      73.95      2.439     142.00       4.30
      73.95      2.439     141.00       4.20
      73.95      2.464     142.00       4.30
      73.95      2.469     140.00       4.20
      73.95      2.490     136.00       4.10
      73.95      2.512     138.00       4.10
      73.95      2.535     134.00       4.00
      73.95      2.557     132.00       4.00
      73.95      2.579     128.00       3.80
      73.95      2.606     132.00       3.90
      73.95      2.626     129.00       3.90
      73.95      2.647     127.00       3.80
      73.95      2.671     127.00       3.80
      73.95      2.697     127.00       3.80
      73.95      2.718     123.00       3.70
      73.95      2.740     125.00       3.70
      73.95      2.764     122.00       3.70
      73.95      2.791     124.00       3.70
      73.95      2.791     122.00       3.70
      73.95      2.813     122.00       3.70
      73.95      2.839     122.00       3.70
      73.95      2.863     118.00       3.50
      73.95      2.890     119.00       3.60
      73.95      2.912     118.00       3.50
      73.95      2.940     119.00       3.60
      73.95      2.966     117.00       3.50
      73.95      3.007     115.00       3.50
      73.95      3.007     110.00       3.30
      73.95      3.033     115.00       3.40
      73.95      3.058     113.00       3.40
      73.95      3.080     113.00       3.40
      73.95      3.103     111.00       3.30
      73.95      3.151     111.00       3.30
      73.95      3.153     109.00       3.30
      73.95      3.177     111.00       3.30
      73.95      3.205     110.00       3.30
      73.95      3.230     109.00       3.30
      73.95      3.254     108.00       3.20
      73.95      3.278     107.00       3.20
      73.95      3.304     107.00       3.20
      73.95      3.329     107.00       3.20
      73.95      3.355     107.00       3.20
      73.95      3.379     107.00       3.20
      73.95      3.409     103.00       3.10
      73.95      3.430     106.00       3.20
      73.95      3.460     104.00       3.10
      73.95      3.484     104.00       3.10
      73.95      3.510     102.00       3.10
      73.95      3.534     102.00       3.10
      73.95      3.562     101.00       3.00
      73.95      3.588      99.70       3.00
      73.95      3.589     102.00       3.00
      73.95      3.615     100.00       3.00
      73.95      3.669      99.00       3.00
      73.95      3.721      97.70       2.90
      73.95      3.770      97.20       2.90
      73.95      3.828      98.80       3.00
      73.95      3.882      96.80       2.90
      73.95      3.938      95.50       2.90
      73.95      3.992      94.40       2.80
      73.95      4.048      94.40       2.80
      73.95      4.101      90.30       2.70
      73.95      4.155      90.30       2.70
      73.95      4.213      89.70       2.70
      73.95      4.271      90.40       2.70
      73.95      4.325      89.50       2.70
      73.95      4.383      89.30       2.70
      73.95      4.439      87.50       2.60
      73.95      4.495      87.70       2.60
      73.95      4.551      87.50       2.60
      73.95      4.615      85.00       2.50
      73.95      4.650      84.20       2.50
      73.95      4.673      83.70       2.50
      73.95      4.710      82.40       2.50
      73.95      4.727      82.20       2.50
      73.95      4.745      80.20       2.40
      73.95      4.764      83.10       2.50
      73.95      4.787      81.10       2.40
      73.95      4.800      80.00       2.40
      73.95      4.828      79.10       2.40
      73.95      4.846      78.20       2.30
      73.95      4.882      78.40       2.40
      73.95      4.902      73.80       2.20
      73.95      4.938      75.70       2.30
      73.95      4.958      72.20       2.20
      73.95      5.001      69.30       2.10
      73.95      5.028      64.40       2.00
      73.95      5.061      60.40       1.80
      73.95      5.074      57.10       1.70
      73.95      5.104      52.00       1.80
      73.95      5.121      49.10       1.50
      73.95      5.140      44.60       1.80
      73.95      5.158      40.90       1.30
      73.95      5.182      39.30       1.30
      73.95      5.216      38.40       2.20
      73.95      5.240      41.50       1.60
      73.95      5.259      44.90       1.30
      73.95      5.282      48.90       1.80
      73.95      5.298      54.40       1.80
      73.95      5.338      60.70       1.80
      73.95      5.379      65.30       2.00
      73.95      5.418      69.30       2.10
      73.95      5.456      72.40       2.20
      73.95      5.497      75.80       2.30
      73.95      5.560      76.00       2.30
      73.95      5.616      76.90       2.30
      73.95      5.672      76.70       2.30
      73.95      5.721      77.80       2.30
      