     125.30      2.470      34.40       2.20
     125.30      2.514      31.30       1.10
     125.30      2.560      32.60       1.30
     125.30      2.609      31.70       1.10
     125.30      2.656      31.20       1.30
     125.30      2.704      31.50       1.50
     125.30      2.749      31.00       1.50
     125.30      2.796      30.10       1.30
     125.30      2.845      29.00       1.30
     125.30      2.895      29.20       1.30
     125.30      2.944      29.40       1.10
     125.30      2.989      28.30       1.30
     125.30      3.037      28.70       1.10
     125.30      3.086      27.80       1.10
     125.30      3.136      27.40       1.10
     125.30      3.183      28.00       2.00
     125.30      3.232      27.40       1.50
     125.30      3.282      27.80       1.10
     125.30      3.334      27.50       1.30
     125.30      3.385      26.60       0.88
     125.30      3.435      27.90       1.30
     125.30      3.489      29.00       1.10
     125.30      3.538      28.10       1.30
     125.30      3.595      28.30       3.70
     125.30      3.644      26.60       0.88
     125.30      3.700      28.10       1.10
     125.30      3.754      29.00       1.10
     125.30      3.806      28.50       1.80
     125.30      3.858      26.50       1.10
     125.30      3.914      29.10       1.30
     125.30      3.970      27.80       1.30
     125.30      4.025      29.80       1.30
     125.30      4.076      30.60       1.10
     125.30      4.133      30.40       1.10
     125.30      4.187      31.90       1.30
     125.30      4.243      31.40       1.50
     125.30      4.297      33.00       1.10
     125.30      4.353      33.80       1.30
     125.30      4.410      35.80       1.30
     125.30      4.466      38.20       1.30
     125.30      4.524      39.30       1.50
     125.30      4.581      42.30       1.30
     125.30      4.608      42.30       1.30
     125.30      4.637      43.80       1.30
     125.30      4.666      46.40       1.40
     125.30      4.700      48.40       1.50
     125.30      4.730      48.80       1.50
     125.30      4.757      51.50       1.50
     125.30      4.784      53.20       1.60
     125.30      4.842      59.30       1.80
     125.30      4.901      67.20       2.00
     125.30      4.962      82.80       2.50
     125.30      5.001      94.40       2.80
     125.30      5.026     102.00       3.10
     125.30      5.042     107.00       3.20
     125.30      5.067     119.00       3.60
     125.30      5.085     127.00       3.80
     125.30      5.106     134.00       4.00
     125.30      5.126     142.00       4.30
     125.30      5.144     146.00       4.40
     125.30      5.163     153.00       4.60
     125.30      5.183     157.00       4.70
     125.30      5.210     144.00       4.30
     125.30      5.227     138.00       4.10
     125.30      5.245     119.00       3.60
     125.30      5.262     102.00       3.10
     125.30      5.280      85.30       2.60
     125.30      5.300      69.50       2.10
     125.30      5.337      44.50       1.50
     125.30      5.377      30.00       1.50
     125.30      5.435      18.80       1.30
     125.30      5.498      12.70       1.10
     125.30      5.559       9.34       1.50
     125.30      5.615       8.67       1.50
     125.30      5.676       8.21       1.30
     125.30      5.701       8.86       1.10
     125.30      5.734       8.63       1.10
     