     116.60      2.467      38.80       1.50
     116.60      2.516      37.50       1.30
     116.60      2.559      36.80       1.30
     116.60      2.611      35.10       1.30
     116.60      2.658      36.80       1.10
     116.60      2.705      34.40       1.10
     116.60      2.748      34.00       1.00
     116.60      2.802      35.30       1.10
     116.60      2.850      33.90       1.50
     116.60      2.897      33.30       1.30
     116.60      2.946      32.80       1.10
     116.60      2.996      31.30       0.94
     116.60      3.043      31.10       1.10
     116.60      3.091      31.30       1.30
     116.60      3.142      31.10       1.10
     116.60      3.192      30.00       1.10
     116.60      3.241      30.20       0.90
     116.60      3.289      31.00       1.10
     116.60      3.343      30.60       0.92
     116.60      3.392      29.90       1.10
     116.60      3.444      30.60       1.30
     116.60      3.498      30.10       1.10
     116.60      3.550      30.60       1.30
     116.60      3.602      30.30       0.91
     116.60      3.654      31.20       1.50
     116.60      3.708      28.80       1.50
     116.60      3.759      30.10       1.10
     116.60      3.814      30.70       1.30
     116.60      3.868      30.30       1.30
     116.60      3.922      30.50       1.10
     116.60      3.976      32.90       1.10
     116.60      4.030      32.20       1.10
     116.60      4.084      32.00       1.30
     116.60      4.140      32.20       1.10
     116.60      4.192      34.80       1.00
     116.60      4.251      34.20       1.30
     116.60      4.305      35.00       1.30
     116.60      4.359      36.60       1.30
     116.60      4.415      38.70       1.20
     116.60      4.469      41.40       1.30
     116.60      4.528      43.50       1.30
     116.60      4.604      46.40       1.40
     116.60      4.649      48.10       1.40
     116.60      4.661      48.80       1.50
     116.60      4.708      52.70       1.60
     116.60      4.719      54.70       1.60
     116.60      4.776      61.00       1.80
     116.60      4.823      67.60       2.00
     116.60      4.834      68.90       2.10
     116.60      4.882      74.10       2.20
     116.60      4.891      79.40       2.40
     116.60      4.936      88.30       2.70
     116.60      4.954      96.20       2.90
     116.60      4.990     110.00       3.30
     116.60      5.004     115.00       3.50
     116.60      5.027     130.00       3.90
     116.60      5.061     141.00       4.20
     116.60      5.072     148.00       4.40
     116.60      5.077     152.00       4.60
     116.60      5.095     162.00       4.80
     116.60      5.111     168.00       5.00
     116.60      5.127     175.00       5.20
     116.60      5.140     189.00       5.70
     116.60      5.147     191.00       5.70
     116.60      5.165     193.00       5.80
     116.60      5.190     191.00       5.70
     116.60      5.203     184.00       5.50
     116.60      5.208     176.00       5.30
     116.60      5.219     171.00       5.10
     116.60      5.228     166.00       5.00
     116.60      5.239     152.00       4.60
     116.60      5.248     144.00       4.30
     116.60      5.257     131.00       3.90
     116.60      5.268     121.00       3.60
     116.60      5.276     108.00       3.20
     116.60      5.285     104.00       3.10
     116.60      5.296      86.80       2.60
     116.60      5.330      66.00       2.00
     116.60      5.334      62.50       1.90
     116.60      5.363      44.10       1.30
     116.60      5.377      39.50       1.30
     116.60      5.406      30.70       1.50
     116.60      5.419      25.00       1.10
     116.60      5.444      19.60       1.80
     116.60      5.460      17.80       1.50
     116.60      5.484      15.20       1.30
     116.60      5.496      12.30       1.30
     116.60      5.525      10.10       0.88
     116.60      5.559       8.16       1.30
     116.60      5.583       8.16       1.30
     116.60      5.615       8.15       1.10
     116.60      5.644       6.84       1.50
     116.60      5.674       6.61       1.10
     116.60      5.732       7.04       1.10
     