     104.60      2.468      48.00       1.50
     104.60      2.513      45.10       1.50
     104.60      2.558      45.30       1.50
     104.60      2.608      44.00       1.50
     104.60      2.653      43.30       1.30
     104.60      2.703      42.80       1.30
     104.60      2.748      42.10       1.30
     104.60      2.797      41.00       1.30
     104.60      2.847      40.80       1.20
     104.60      2.894      39.70       1.20
     104.60      2.946      40.30       1.30
     104.60      2.991      38.30       1.30
     104.60      3.041      38.30       1.10
     104.60      3.088      38.50       1.50
     104.60      3.138      36.50       1.10
     104.60      3.185      36.10       1.30
     104.60      3.188      38.30       1.30
          104.60      3.233      37.10       1.30
     104.60      3.287      34.90       1.30
     104.60      3.334      36.00       1.30
     104.60      3.384      34.70       1.10
     104.60      3.438      35.10       1.30
     104.60      3.492      34.40       1.50
     104.60      3.544      34.00       1.10
     104.60      3.596      34.20       1.80
     104.60      3.635      34.60       1.00
     104.60      3.686      33.70       1.30
     104.60      3.741      33.90       1.30
     104.60      3.792      33.40       1.10
     104.60      3.847      33.60       1.30
     104.60      3.903      33.00       1.10
     104.60      3.955      33.60       1.10
     104.60      4.011      33.60       1.10
     104.60      4.066      33.80       1.50
     104.60      4.120      33.80       1.30
     104.60      4.172      34.40       1.10
     104.60      4.230      32.60       1.30
     104.60      4.287      34.80       1.00
     104.60      4.341      35.90       1.30
     104.60      4.400      36.10       1.50
     104.60      4.454      37.40       1.30
     104.60      4.511      40.40       1.30
     104.60      4.567      42.10       1.50
     104.60      4.630      43.20       1.30
     104.60      4.687      44.70       1.50
     104.60      4.743      49.10       2.40
     104.60      4.768      52.80       1.60
     104.60      4.805      56.70       1.80
     104.60      4.861      63.70       1.90
     104.60      4.916      72.50       2.20
     104.60      4.985      95.70       2.90
     104.60      5.021     109.00       3.30
     104.60      5.062     126.00       3.80
     104.60      5.104     152.00       4.60
     104.60      5.127     169.00       5.10
     104.60      5.144     182.00       5.50
     104.60      5.164     191.00       5.70
     104.60      5.180     193.00       5.80
     104.60      5.212     192.00       5.80
     104.60      5.243     180.00       5.40
     104.60      5.260     165.00       4.90
     104.60      5.282     142.00       4.30
     104.60      5.302     122.00       3.60
     104.60      5.319     105.00       3.20
     104.60      5.361      79.80       2.40
     104.60      5.401      60.50       1.80
     104.60      5.439      49.30       1.50
     104.60      5.481      39.40       1.50
     104.60      5.519      34.60       1.30
     104.60      5.560      30.60       1.50
     104.60      5.618      26.20       1.50
     104.60      5.677      23.50       1.50
     104.60      5.733      21.10       1.30