      54.77      2.454     366.00      11.00
      54.77      2.499     356.00      11.00
      54.77      2.547     352.00      11.00
      54.77      2.594     346.00      10.00
      54.77      2.644     333.00      10.00
      54.77      2.687     328.00       9.80
      54.77      2.737     326.00       9.80
      54.77      2.784     321.00       9.60
      54.77      2.786     311.00       9.30
      54.77      2.834     309.00       9.30
      54.77      2.933     305.00       9.20
      54.77      2.978     296.00       8.90
      54.77      3.125     287.00       8.60
      54.77      3.172     279.00       8.40
      54.77      3.172     284.00       8.50
      54.77      3.220     278.00       8.30
      54.77      3.269     280.00       8.40
      54.77      3.272     274.00       8.20
      54.77      3.326     269.00       8.10
      54.77      3.373     269.00       8.10
      54.77      3.427     269.00       8.10
      54.77      3.479     263.00       7.90
      54.77      3.529     256.00       7.70
      54.77      3.583     257.00       7.70
      54.77      3.619     258.00       7.70
      54.77      3.675     256.00       7.70
      54.77      3.727     250.00       7.50
      54.77      3.779     247.00       7.40
      54.77      3.836     246.00       7.40
      54.77      3.890     243.00       7.30
      54.77      3.944     244.00       7.30
      54.77      3.998     241.00       7.20
      54.77      4.066     240.00       7.20
      54.77      4.111     238.00       7.10
      54.77      4.167     236.00       7.10
      54.77      4.224     234.00       7.00
      54.77      4.282     234.00       7.00
      54.77      4.337     233.00       7.00
      54.77      4.395     230.00       6.90
      54.77      4.449     228.00       6.80
      54.77      4.508     228.00       6.90
      54.77      4.564     226.00       6.80
      54.77      4.625     225.00       6.80
      54.77      4.652     226.00       6.80
      54.77      4.682     227.00       6.80
      54.77      4.743     223.00       6.70
      54.77      4.743     227.00       6.80
      54.77      4.798     222.00       6.70
      54.77      4.857     217.00       6.50
      54.77      4.917     214.00       6.40
      54.77      4.979     203.00       6.10
      54.77      5.004     198.00       5.90
      54.77      5.017     195.00       5.90
      54.77      5.024     193.00       5.80
      54.77      5.039     188.00       5.60
      54.77      5.046     185.00       5.50
      54.77      5.056     181.00       5.40
      54.77      5.098     153.00       4.60
      54.77      5.123     139.00       4.20
      54.77      5.134     126.00       3.80
      54.77      5.141     121.00       3.60
      54.77      5.147     115.00       3.50
      54.77      5.160     101.00       3.20
      54.77      5.178      83.30       3.60
      54.77      5.203      66.20       3.60
      54.77      5.218      53.80       2.20
      54.77      5.235      51.00       2.60
      54.77      5.249      51.80       2.80
      54.77      5.261      50.80       3.20
      54.77      5.273      57.00       2.60
      54.77      5.284      60.20       2.40
      54.77      5.296      68.90       3.00
      54.77      5.316      73.90       2.80
      54.77      5.327      80.20       3.00
      54.77      5.354      94.10       3.00
      54.77      5.395     110.00       3.30
      54.77      5.431     127.00       3.80
      54.77      5.475     134.00       4.00
      54.77      5.514     140.00       4.20
      54.77      5.554     147.00       4.40
      54.77      5.613     153.00       4.60
      54.77      5.674     163.00       4.90
      54.77      5.737     165.00       4.90