     140.80      3.602      26.30       1.30
     140.80      3.656      24.30       1.10
     140.80      3.708      25.20       1.30
     140.80      3.762      24.30       1.10
     140.80      3.814      26.20       1.30
     140.80      3.867      26.20       1.30
     140.80      3.921      25.80       1.10
     140.80      3.978      25.50       1.80
     140.80      4.031      24.20       1.30
     140.80      4.085      25.90       1.30
     140.80      4.139      26.80       1.10
     140.80      4.196      25.60       1.80
     140.80      4.247      24.70       1.10
     140.80      4.303      24.70       0.88
     140.80      4.364      26.00       1.30
     140.80      4.418      26.00       1.50
     140.80      4.474      25.10       1.10
     140.80      4.528      25.90       0.88
     140.80      4.587      27.40       1.50
     140.80      4.611      27.20       1.30
     140.80      4.645      25.90       1.30
     140.80      4.670      26.50       0.80
     140.80      4.701      29.40       1.30
     140.80      4.728      31.30       0.94
     140.80      4.758      30.70       1.30
     140.80      4.784      29.60       1.30
     140.80      4.843      33.70       1.30
     140.80      4.902      37.60       1.30
     140.80      4.963      46.40       1.40
     140.80      5.001      53.90       1.60
     140.80      5.022      58.50       1.80
     140.80      5.042      66.10       2.00
     140.80      5.061      70.70       2.10
     140.80      5.086      85.70       2.60
     140.80      5.102      91.80       2.80
     140.80      5.116     106.00       3.20
     140.80      5.142     126.00       3.80
     140.80      5.163     140.00       4.20
     140.80      5.186     155.00       4.70
     140.80      5.208     159.00       4.80
     140.80      5.227     168.00       5.00
     140.80      5.247     169.00       5.10
     140.80      5.267     160.00       4.80
     140.80      5.282     156.00       4.70
     140.80      5.304     141.00       4.20
     140.80      5.344     117.00       3.50
     140.80      5.381     106.00       3.20
     140.80      5.441      85.30       2.60
     140.80      5.501      73.20       2.20
     140.80      5.564      68.80       2.10
     140.80      5.620      58.00       1.70
     140.80      5.675      52.50       1.60
     140.80      5.741      51.80       1.60