      63.45      2.452     227.00       6.80
      63.45      2.476     220.00       6.60
      63.45      2.482     223.00       6.70
      63.45      2.520     220.00       6.60
      63.45      2.569     212.00       6.40
      63.45      2.617     210.00       6.30
      63.45      2.665     207.00       6.20
      63.45      2.716     203.00       6.10
      63.45      2.762     200.00       6.00
      63.45      2.810     193.00       5.80
      63.45      2.860     198.00       5.90
      63.45      2.907     192.00       5.80
      63.45      2.959     186.00       5.60
      63.45      3.005     186.00       5.60
      63.45      3.055     184.00       5.50
      63.45      3.105     184.00       5.50
      63.45      3.152     180.00       5.40
      63.45      3.206     177.00       5.30
      63.45      3.256     173.00       5.20
      63.45      3.308     175.00       5.30
      63.45      3.360     171.00       5.10
      63.45      3.411     168.00       5.00
      63.45      3.463     169.00       5.10
      63.45      3.515     170.00       5.10
      63.45      3.565     164.00       4.90
      63.45      3.593     165.00       5.00
      63.45      3.623     164.00       4.90
      63.45      3.669     164.00       4.90
      63.45      3.699     162.00       4.90
      63.45      3.723     162.00       4.90
      63.45      3.753     161.00       4.80
      63.45      3.803     160.00       4.80
      63.45      3.827     159.00       4.80
      63.45      3.860     159.00       4.80
      63.45      3.884     159.00       4.80
      63.45      3.912     159.00       4.80
      63.45      3.942     159.00       4.80
      63.45      3.968     158.00       4.70
      63.45      4.020     157.00       4.70
      63.45      4.076     156.00       4.70
      63.45      4.130     155.00       4.60
      63.45      4.186     155.00       4.60
      63.45      4.242     153.00       4.60
      63.45      4.298     153.00       4.60
      63.45      4.354     153.00       4.60
      63.45      4.411     150.00       4.50
      63.45      4.467     152.00       4.60
      63.45      4.527     150.00       4.50
      63.45      4.601     147.00       4.40
      63.45      4.661     145.00       4.30
      63.45      4.719     144.00       4.30
      63.45      4.771     142.00       4.30
      63.45      4.840     141.00       4.20
      63.45      4.896     134.00       4.00
      63.45      4.954     128.00       3.90
      63.45      4.991     121.00       3.60
      63.45      5.034     109.00       3.30
      63.45      5.075      93.60       2.80
      63.45      5.093      83.00       2.50
      63.45      5.114      68.80       2.10
      63.45      5.135      55.60       1.70
      63.45      5.152      41.40       1.60
      63.45      5.177      27.50       1.20
      63.45      5.196      15.10       1.60
      63.45      5.213       5.72       1.40
      63.45      5.231       2.42       1.40
      63.45      5.251       3.40       1.20
      63.45      5.270       7.90       1.60
      63.45      5.290      16.10       1.20
      63.45      5.327      35.00       1.40
      63.45      5.370      53.20       1.60
      63.45      5.405      65.50       2.00
      63.45      5.444      77.00       2.30
      63.45      5.488      86.60       2.60
      63.45      5.527      89.60       2.70
      63.45      5.585      98.20       2.90
      63.45      5.641     102.00       3.10
      63.45      5.699     106.00       3.20
